0.0 300.0 150.0
0.0600600600601 307.383820943 169.549058105
0.12012012012 310.977555819 192.286361194
0.18018018018 310.043994222 218.254342944
0.24024024024 304.049690594 247.219194289
0.3003003003 292.806386913 278.581847744
0.36036036036 276.584752801 311.336591585
0.42042042042 256.15108527 344.11626898
0.48048048048 232.692062516 375.341457507
0.540540540541 207.633204502 403.448627488
0.600600600601 182.403620261 427.131781305
0.660660660661 158.222988072 445.52121079
0.720720720721 135.970449618 458.251735051
0.780780780781 116.153055648 465.420977786
0.840840840841 98.9524008572 467.475625537
0.900900900901 84.3107515251 465.074323733
0.960960960961 72.0221546666 458.96447332
1.02102102102 61.8080648255 449.891135926
1.08108108108 53.3705753521 438.540507015
1.14114114114 46.4248098566 425.51183035
1.2012012012 40.7155024375 411.309058677
1.26126126126 36.0231317192 396.344385717
1.32132132132 32.1639346195 380.947813532
1.38138138138 28.9868022995 365.378971521
1.44144144144 26.3689255249 349.839004328
1.5015015015 24.2112418591 334.481429058
1.56156156156 22.4342139084 319.421521982
1.62162162162 20.9741564605 304.744163793
1.68168168168 19.7801608253 290.510255157
1.74174174174 18.8115806171 276.761888388
1.8018018018 18.0360078505 263.526478187
1.86186186186 17.4276603749 250.820044079
1.92192192192 16.9661078125 238.649802759
1.98198198198 16.6352668194 227.016218324
2.04204204204 16.4226133121 215.914617903
2.1021021021 16.3185659356 205.336465964
2.16216216216 16.3160054263 195.270368995
2.22222222222 16.4099013084 185.702868233
2.28228228228 16.597024724 176.619063953
2.34234234234 16.8757289582 168.003108896
2.4024024024 17.2457850741 159.838597088
2.46246246246 17.708262123 152.108870268
2.52252252252 18.2654436753 144.79725965
2.58258258258 18.9207748169 137.887275922
2.64264264264 19.6788344501 131.362759165
2.7027027027 20.5453293289 125.207996979
2.76276276276 21.5271068903 119.407817927
2.82282282282 22.6321845837 113.947666023
2.88288288288 23.8697938623 108.813660959
2.94294294294 25.2504372991 103.992647988
3.003003003 26.7859574972 99.472240779
3.06306306306 28.4896163681 95.2408606552
3.12312312312 30.3761837336 91.2877737702
3.18318318318 32.4620333362 87.6031302397
3.24324324324 34.765244762 84.1780065907
3.3033033033 37.3057084711 81.0044547156
3.36336336336 40.1052314498 78.0755599915
3.42342342342 43.1876391827 75.3855115951
3.48348348348 46.5788682432 72.9296890355
3.54354354354 50.3070438434 70.7047687129
3.6036036036 54.4025323864 68.7088560545
3.66366366366 58.8979563908 66.9416500835
3.72372372372 63.8281590743 65.4046472034
3.78378378378 69.2300971627 64.1013947324
3.84384384384 75.1426315519 63.0378085725
3.9039039039 81.6061919672 62.2225662571
3.96396396396 88.6622658403 61.667598335
4.02402402402 96.3526536344 61.3887036618
4.08408408408 104.71842724 61.4063153248
4.14414414414 113.798494841 61.746460803
4.2042042042 123.627661295 62.441959729
4.26426426426 134.234041447 63.5339186224
4.32432432432 145.635651466 65.073589173
4.38438438438 157.835968124 67.1246648914
4.44444444444 170.818211054 69.7660935932
4.5045045045 184.538084233 73.0954692306
4.56456456456 198.914714196 77.233025183
4.62462462462 213.819588474 82.3261653066
4.68468468468 229.06347592 88.5542802286
4.74474474474 244.381658768 96.1332864306
4.8048048048 259.418512967 105.318751835
4.86486486486 273.713510555 116.405704789
4.92492492492 286.692447684 129.721987503
4.98498498498 297.669829832 145.610699809
5.04504504505 305.870596183 164.396178718
5.10510510511 310.48057235 186.328168959
5.16516516517 310.73299424 211.502175836
5.22522522523 306.030473704 239.762339202
5.28528528529 296.086387497 270.606856689
5.34534534535 281.050047491 303.130839831
5.40540540541 261.566888635 336.047066467
5.46546546547 238.732454795 367.809780355
5.52552552553 213.934004672 396.828093846
5.58558558559 188.621794355 421.711671853
5.64564564565 164.083675934 441.471272602
5.70570570571 141.290159282 455.616326357
5.76576576577 120.838894804 464.13803475
5.82582582583 102.985224993 467.408953476
5.88588588589 87.7221458818 466.047526091
5.94594594595 74.8726898672 460.788978863
6.00600600601 64.1705015342 452.385515482
6.06606606607 55.3187256565 441.541556556
6.12612612613 48.0271768531 428.879368826
6.18618618619 42.0323302282 414.926616905
6.24624624625 37.1055972316 400.117574661
6.30630630631 33.0545307148 384.801618777
6.36636636637 29.7202830069 369.254744814
6.42642642643 26.973437401 353.691575088
6.48648648649 24.709439098 338.276532934
6.54654654655 22.844261652 323.133612119
6.60660660661 21.3105883285 308.35459984
6.66666666667 20.0545890264 294.005831415
6.72672672673 19.0332720544 280.13365342
6.78678678679 18.2123458589 266.768794436
6.84684684685 17.5645117159 253.929841082
6.90690690691 17.0681120893 241.625987726
6.96696696697 16.7060638509 229.859211719
7.02702702703 16.4650209983 218.625987526
7.08708708709 16.3347200971 207.918636692
7.14714714715 16.3074682916 197.726394867
7.20720720721 16.3777456411 188.036252406
7.26726726727 16.5418981781 178.833617241
7.32732732733 16.7979030394 170.102837797
7.38738738739 17.1451914608 161.827615607
7.44744744745 17.5845187985 153.991330319
7.50750750751 18.1178726656 146.57729617
7.56756756757 18.7484128274 139.568963788
7.62762762763 19.4804375842 132.950079209
7.68768768769 20.3193727144 126.704809162
7.74774774775 21.2717798729 120.817840068
7.80780780781 22.3453820187 115.274456739
7.86786786787 23.549103823 110.060605941
7.92792792793 24.8931257651 105.162948261
7.98798798799 26.3889501847 100.568902593
8.04804804805 28.0494781381 96.26668581
8.10810810811 29.8890957627 92.2453504529
8.16816816817 31.9237686474 88.4948230301
8.22822822823 34.1711424215 85.0059454062
8.28828828829 36.6506473499 81.7705219137
8.34834834835 39.3836041137 78.7813748852
8.40840840841 42.3933269099 76.0324117082
8.46846846847 45.70521968 73.518706686
8.52852852853 49.346857258 71.2366024941
8.58858858859 53.3480453346 69.183835347
8.64864864865 57.7408469349 67.3596904047
8.70870870871 62.5595598274 65.7651955832
8.76876876877 67.8406290181 64.403361783
8.82882882883 73.6224695023 63.2794815802
8.88888888889 79.945160356 62.4015044082
8.94894894895 86.8499848299 61.7804999208
9.00900900901 94.3787505463 61.4312395271
9.06906906907 102.572827189 61.3729229624
9.12912912913 111.471820351 61.6300845104
9.18918918919 121.111769488 62.2337277487
9.24924924925 131.522736228 63.2227402366
9.30930930931 142.725618733 64.6456547231
9.36936936937 154.727988861 66.5628295827
9.42942942943 167.51871704 69.0491257393
9.48948948949 181.061122634 72.197149506
9.54954954955 195.284381048 76.1211021146
9.60960960961 210.07297179 80.9611826183
9.66966966967 225.254086172 86.8883824158
9.72972972973 240.583222089 94.1091574667
9.78978978979 255.728771116 102.869064538
9.84984984985 270.257396924 113.453624542
9.90990990991 283.62350129 126.183644376
9.96996996997 295.168144653 141.400868068
10.03003003 304.135097748 159.438593111
10.0900900901 309.71330765 180.571651915
10.1501501502 311.114074306 204.942517719
10.2102102102 307.684984449 232.467261963
10.2702702703 299.049025943 262.737611277
10.3303303303 285.238103006 294.950635004
10.3903903904 266.773992249 327.906754994
10.4504504505 244.651087519 360.107378281
10.5105105105 220.203859826 389.949853117
10.5705705706 194.88942856 415.972204427
10.6306306306 170.054094483 437.071744296
10.6906906907 146.756388495 452.631295179
10.7507507508 125.686634527 462.529187709
10.8108108108 107.179058978 467.055255396
10.8708708709 91.2832148016 466.779651257
10.9309309309 77.8561461712 462.419232249
10.990990991 66.647325724 454.729367423
11.0510510511 57.3632241272 444.430618077
11.1111111111 49.7095574581 432.167542976
11.1711711712 43.4150295938 418.491626616
11.2312312312 38.2420456089 403.859765166
11.2912912913 33.9893070077 388.64143463
11.3513513514 30.4899632433 373.129746358
11.4114114114 27.6077045189 357.553494163
11.4714714715 25.2322142686 342.088612566
11.5315315315 23.2747404496 326.868320887
11.5915915916 21.6641354862 311.991729548
11.6516516517 20.3434843947 297.530946021
11.7117117117 19.2673185485 283.536840171
11.7717717718 18.3993577276 270.04366802
11.8318318318 17.7107032954 257.072752815
11.8918918919 17.1784043501 244.63540182
11.951951952 16.7843263331 232.735210989
12.012012012 16.5142617971 221.369883578
12.0720720721 16.3572336326 210.53266425
12.1321321321 16.3049508058 200.213469809
12.1921921922 16.3513848724 190.399780867
12.2522522523 16.4924423227 181.077345118
12.3123123123 16.7257132426 172.230732082
12.3723723724 17.0502811161 163.843770661
12.4324324324 17.466581984 155.899894174
12.4924924925 17.9763037452 148.382412439
12.5525525526 18.5823187958 141.274725775
12.6126126126 19.2886441593 134.560493904
12.6726726727 20.1004251713 128.223768768
12.7327327327 21.0239392731 122.249099514
12.7927927928 22.0666173924 116.621615749
12.8528528529 23.2370808519 111.327094322
12.9129129129 24.5451921661 106.352013829
12.972972973 26.0021181293 101.683600883
13.033033033 27.6204042633 97.3098703328
13.0930930931 29.4140588655 93.2196634079
13.1531531532 31.3986455812 89.4026856042
13.2132132132 33.5913825991 85.8495470005
13.2732732733 36.0112464793 82.5518077915
13.3333333333 38.6790780165 79.5020314039
13.3933933934 41.6176864829 76.6938483329
13.4534534535 44.8519476619 74.1220341415
13.5135135135 48.4088899679 71.782605417
13.5735735736 52.3177606259 69.6729384918
13.6336336336 56.6100609378 67.7919170201
13.6936936937 61.3195382276 66.1401150944
13.7537537538 66.4821166094 64.7200248926
13.8138138138 72.1357430805 63.5363402772
13.8738738739 78.3201194948 62.5963102616
13.9339339339 85.0762852296 61.9101786895
13.993993994 92.4459928622 61.4917357832
14.0540540541 100.470830524 61.35900224
14.1141141141 109.190990016 61.5350900098
14.1741741742 118.643596229 62.0492735965
14.2342342342 128.860461753 62.9383301813
14.2942942943 139.865110746 64.248207973
14.3543543544 151.668879614 66.0360950897
14.4144144144 164.265867347 68.372966191
14.4744744745 177.626477496 71.3466792743
14.5345345345 191.689282817 75.0656733546
14.5945945946 206.350975213 79.6632447001
14.6546546547 221.454275512 85.3022749475
14.7147147147 236.773932122 92.1799978429
14.7747747748 252.00143551 100.53202222
14.8348348348 266.729964642 110.634091582
14.8948948949 280.442418717 122.799119882
14.954954955 292.507356009 137.365708416
15.015015015 302.189967416 154.673035811
15.0750750751 308.687080029 175.016437367
15.1351351351 311.195156121 198.579465484
15.1951951952 309.015505868 225.343912555
15.2552552553 301.689234828 254.990466643
15.3153153153 289.136076087 286.817874544
15.3753753754 271.753170605 319.720245978
15.4354354354 250.425413272 352.258444376
15.4954954955 226.420694122 382.833573802
15.5555555556 201.188174182 409.925891062
15.6156156156 176.121462533 432.327180284
15.6756756757 152.362168474 449.294150657
15.7357357357 130.694219875 460.586816489
15.7957957958 111.53533273 466.403961346
15.8558558559 94.9974597825 467.259042328
15.9159159159 80.976971001 463.843815492
15.975975976 69.2431645004 456.912300026
16.036036036 59.5084278296 447.19869376
16.0960960961 51.4758176905 435.368836098
16.1561561562 44.8669076032 421.997967412
16.2162162162 39.4352360649 407.566077023
16.2762762763 34.9705275644 392.463437151
16.3363363363 31.2976808631 377.001026491
16.3963963964 28.2732084996 361.422521915
16.4564564565 25.7807568801 345.91599713
16.5165165165 23.7266030082 330.624428932
16.5765765766 22.0355599898 315.654689711
16.6366366366 20.6474559176 301.08501439
16.6966966967 19.5142059646 286.971081187
16.7567567568 18.5974300426 273.350900215
16.8168168168 17.8665410569 260.248711423
16.8768768769 17.2972253896 247.678075961
16.9369369369 16.8702423735 235.644320412
16.996996997 16.5704798336 224.146465981
17.0570570571 16.3862136554 213.178749622
17.1171171171 16.3085283843 202.731824623
17.1771771772 16.3308669762 192.793704885
17.2372372372 16.4486809982 183.35051185
17.2972972973 16.6591618162 174.387063027
17.3573573574 16.9610364256 165.887336086
17.4174174174 17.3544153221 157.834834823
17.4774774775 17.8406826125 150.212877694
17.5375375375 18.422420849 143.004825176
17.5975975976 19.1033647904 136.194258822
17.6576576577 19.8883795398 129.765122324
17.7177177177 20.7834597107 123.701832562
17.7777777778 21.7957465008 117.989368037
17.8378378378 22.9335609764 112.613339149
17.8978978979 24.2064515357 107.560045459
17.957957958 25.6252541306 102.816523556
18.018018018 27.2021639305 98.3705886698
18.0780780781 28.950817142 94.2108730456
18.1381381381 30.886381593 90.3268636022
18.1981981982 33.0256544666 86.7089414831
18.2582582583 35.3871652278 83.3484259949
18.3183183183 37.9912812018 80.2376255979
18.3783783784 40.8603125469 77.3698988259
18.4384384384 44.0186127152 74.7397281892
18.4984984985 47.4926676895 72.3428115848
18.5585585586 51.3111680926 70.1761747248
18.6186186186 55.5050536716 68.2383107513
18.6786786787 60.1075168932 66.529354069
18.7387387387 65.1539513722 65.0512957171
18.7987987988 70.6818208892 63.8082521067
18.8588588589 76.7304232075 62.8067995284
18.9189189189 83.3405141627 62.0563904398
18.978978979 90.5537405138 61.5698746476
19.039039039 98.4118321669 61.3641476268
19.0990990991 106.955462938 61.4609650307
19.1591591592 116.222706527 61.8879545811
19.2192192192 126.246943522 62.6798857667
19.2792792793 137.054083491 63.8802502067
19.3393393393 148.658916786 65.543222367
19.3993993994 161.060372847 67.7360822267
19.4594594595 174.23543787 70.5421678399
19.5195195195 188.131459275 74.0644225705
19.5795795796 202.656596002 78.4295315455
19.6396396396 217.668225822 83.7925689822
19.6996996997 232.959399314 90.3417982561
19.7597597598 248.243760918 98.3030019494
19.8198198198 263.140240853 107.941981285
19.8798798799 277.159949315 119.563073169
19.9399399399 289.699583153 133.500208045
20.0 300.047862618 150.095728275
20.0600600601 307.413679942 169.661262008
20.1201201201 310.985194778 192.415820097
20.1801801802 310.025911628 218.40063651
20.2402402402 304.003855739 247.380164608
20.3003003003 292.732953642 278.753228586
20.3603603604 276.486503621 311.511983657
20.4204204204 256.033321979 344.287681952
20.4804804805 232.561921886 375.500322138
20.5405405405 207.498474729 403.5871318
20.6006006006 182.271490512 427.244038718
20.6606606607 158.099102363 445.603936525
20.7207207207 135.858471694 458.304300244
20.7807807808 116.054746392 465.444949578
20.8408408408 98.8680012571 467.474063302
20.9009009009 84.2394838851 465.05105752
20.960960961 71.962675466 458.923529269
21.021021021 61.7588067228 449.836348996
21.0810810811 53.3299711326 438.475303418
21.1411411411 46.3914171058 425.439138655
21.2012012012 40.6880592938 411.231303769
21.2612612613 36.0005695801 396.263527934
21.3213213213 32.1453682601 380.865407212
21.3813813814 28.9715087111 365.296229853
21.4414414414 26.3563196708 349.756859999
21.5015015015 24.2008530163 334.400588307
21.5615615616 22.4256647238 319.342510133
21.6216216216 20.9671452894 304.667362752
21.6816816817 19.7744467865 290.435934049
21.7417417417 18.8069713048 276.690228422
21.8018018018 18.0323497502 263.457592808
21.8618618619 17.4248319088 250.7539928
21.9219219219 16.9640128399 238.586604458
21.981981982 16.6338300247 226.955860564
22.042042042 16.4217764689 215.857064661
22.1021021021 16.3182850265 205.281663686
22.1621621622 16.3162483757 195.218251307
22.2222222222 16.4106464513 185.653359289
22.2822822823 16.5982592883 176.572081749
22.3423423423 16.8774480769 167.958567538
22.4024024024 17.2479910585 159.796408585
22.4624624625 17.7109638938 152.068946039
22.5225225225 18.2686564867 144.759511492
22.5825825826 18.9245199987 137.851617025
22.6426426426 19.6831392984 131.329104845
22.7027027027 20.55022716 125.176265162
22.7627627628 21.5326371363 119.377929644
22.8228228228 22.6383929959 113.919545735
22.8828828829 23.8767327804 108.787236855
22.9429429429 25.2581659859 103.967852228
23.003003003 26.7945425113 99.4490097948
23.0630630631 28.4991320713 95.2191350917
23.1231231231 30.3867127333 91.2674988824
23.1831831832 32.4736670113 87.5842561873
23.2432432432 34.7780838256 84.1604885199
23.3033033033 37.3198634429 80.9882531454
23.3633633634 40.1208235389 78.0606410462
23.4234234234 43.2048002353 75.3718475575
23.4834834835 46.5977417015 72.9172587337
23.5435435435 50.3277853845 70.6935579841
23.6036036036 54.4253094968 68.69885884
23.6636636637 58.9229479173 66.9328695349
23.7237237237 63.8555563867 65.3970961714
23.7837837838 69.2601009826 64.0950984449
23.8438438438 75.1754525222 63.0328055121
23.9039039039 81.6420483739 62.2189104879
23.963963964 88.7013795706 61.6653629908
24.024024024 96.395246159 61.3879839016
24.0840840841 104.76471318 61.4072333685
24.1441441441 113.848671057 61.7491720734
24.2042042042 123.681898062 62.4466587564
24.2642642643 134.292464898 63.5408489895
24.3243243243 145.698323305 65.0830537665
24.3843843844 157.902858639 67.1370400573
24.4444444444 170.889164838 69.7818451304
24.5045045045 184.612777439 73.1151714241
24.5645645646 198.992600588 77.2573855844
24.6246246246 213.899836798 82.3560472428
24.6846846847 229.144891275 88.5907329964
24.7447447447 244.462610201 96.1775565548
24.8048048048 259.496842093 105.372305299
24.8648648649 273.786472085 116.470206501
24.9249249249 286.756688451 129.799239687
24.984984985 297.721439882 145.702514173
25.045045045 305.905293625 164.504141323
25.1051051051 310.494067919 186.453272022
25.1651651652 310.721547476 211.644345448
25.2252252252 305.991618483 239.919896919
25.2852852853 296.019672512 270.776087333
25.3453453453 280.957581842 303.305853171
25.4054054054 261.453391399 336.220188263
25.4654654655 238.604698046 367.972471791
25.5255255255 213.799734814 396.972232213
25.5855855856 188.48845354 421.830806609
25.6456456456 163.957351179 441.561444625
25.7057057057 141.175018862 455.676270266
25.7657657658 120.737148379 464.168830194
25.8258258258 102.897443683 467.413361608
25.8858858859 87.6477575585 466.029247919
25.9459459459 74.8104534306 460.752036359
26.006006006 64.1188790602 452.333818393
26.0660660661 55.2761342223 441.478644584
26.1261261261 47.9921357249 428.808296052
26.1861861862 42.0035304096 414.849929651
26.2462462462 37.0819228523 400.037342241
26.3063063063 33.0350533639 384.719489203
26.3663663664 29.704242144 369.172008999
26.4264264264 26.9602164474 353.609229169
26.4864864865 24.6985414897 338.19533404
26.5465465465 22.8352889845 323.054126142
26.6066066066 21.3032217883 308.277240786
26.6666666667 20.0485738537 293.930894063
26.7267267267 19.0284048819 280.061338837
26.7867867868 18.2084645713 266.699230917
26.8468468468 17.5614875705 253.86310003
26.9069069069 17.0658428758 241.562097709
26.966966967 16.7044692025 229.798167768
27.027027027 16.4640389071 218.567758467
27.0870870871 16.3343034791 207.863172408
27.1471471471 16.3075822353 197.673631949
27.2072072072 16.3783659664 187.986117188
27.2672672673 16.5430100194 178.786028972
27.3273273273 16.799499673 170.057711292
27.3873873874 17.1472734941 161.784863194
27.4474474474 17.5870935748 153.950863414
27.5075075075 18.1209538872 146.5390264
27.5675675676 18.7520203043 139.532803968
27.6276276276 19.4845971133 132.915944096
27.6876876877 20.3241160686 126.672616053
27.7477477477 21.2771449297 120.787509196
27.8078078078 22.3514128904 115.245911754
27.8678678679 23.5558511688 110.033774059
27.9279279279 24.9006470753 105.137760627
27.987987988 26.397310152 100.545294503
28.048048048 28.0587491062 96.2445968856
28.1081081081 29.8993582063 92.2247248613
28.1681681682 31.9351116846 88.4756096788
28.2282282282 34.183664357 84.9880981859
28.2882882883 36.6644562569 81.7539999585
28.3483483483 39.3988183712 78.7661429082
28.4084084084 42.4100758104 76.0184403754
28.4684684685 45.7236437463 73.5059731052
28.5285285285 49.3671088464 71.2250907892
28.5885885886 53.3702887265 69.1735374346
28.6486486486 57.7652583129 67.3506069213
28.7087087087 62.5863271526 65.7573369896
28.7687687688 67.8699515464 64.3967496955
28.8288288288 73.6545549687 63.2741511974
28.8888888889 79.9802250739 62.3975057572
28.9489489489 86.8882505782 61.7779008278
29.009009009 94.4204389422 61.4301295295
29.0690690691 102.618155945 61.3734165753
29.1291291291 111.520991119 61.6323286112
29.1891891892 121.164960581 62.2379061052
29.2492492492 131.580086548 63.2290831183
29.3093093093 142.787208148 64.654449254
29.3693693694 154.793813699 66.5744316207
29.4294294294 167.58865785 69.0639770333
29.4894894895 181.134901868 72.2157963436
29.5495495495 195.361512548 76.144215452
29.6096096096 210.152703333 80.9895846252
29.6696696697 225.335320979 86.9230722545
29.7297297297 240.664445391 94.1513323448
29.7897897898 255.807963046 102.920135501
29.8498498498 270.331964881 113.515209436
29.9099099099 283.690238955 126.257521787
29.96996997 295.223268566 141.488865839
30.03003003 304.174394469 159.5423786
30.0900900901 309.732446939 180.692405406
30.1501501502 311.109121441 205.080477648
30.2102102102 307.653086648 232.621196231
30.2702702703 298.989177074 262.904334023
30.3303303303 285.151744405 295.124792343
30.3903903904 266.665215938 328.081056074
30.4504504505 244.526229997 360.273397009
30.5105105105 220.070541881 390.099237082
30.5705705706 194.755278149 416.097990513
30.6306306306 169.925609636 437.169308744
30.6906906907 146.638237997 452.698716311
30.7507507508 125.581492434 462.567018263
30.8108108108 107.087858077 467.065909949
30.8708708709 91.2056224811 466.766657418
30.9309309309 77.7910494604 462.386577993
30.990990991 66.5932329962 454.681018738
31.0510510511 57.3185473487 444.370220252
31.1111111111 49.6727820311 432.098275086
31.1711711712 43.3848024034 418.416156953
31.2312312312 38.2172025428 403.780277479
31.2912912913 33.9688744632 388.559675633
31.3513513514 30.4731413635 373.04708942
31.4114114114 27.5938425373 357.471004436
31.4714714715 25.220788194 342.007101288
31.5315315315 23.2653294327 326.788397252
31.5915915916 21.6564024808 311.913842238
31.6516516517 20.3371600306 297.455416619
31.7117117117 19.2621877819 283.463890825
31.7717717718 18.3952491139 269.973443264
31.8318318318 17.7074803865 257.005337031
31.8918918919 17.1759590181 244.570832712
31.951951952 16.782573473 232.673490536
32.012012012 16.5131351558 221.310986586
32.0720720721 16.3566825363 210.476545114
32.1321321321 16.3049376095 200.160067835
32.1921921922 16.3518829768 190.349024486
32.2522522523 16.4934346632 181.029155155
32.3123123123 16.7271911425 172.185024342
32.3723723724 17.0522434098 163.800458017
32.4324324324 17.4690343661 155.858888205
32.4924924925 17.9792583839 148.343624611
32.5525525526 18.5857939998 141.238068563
32.6126126126 19.2926642506 134.525881526
32.6726726727 20.1050204483 128.191117839
32.7327327327 21.0291460824 122.218329525
32.7927927928 22.0724782839 116.592649466
32.8528528529 23.2436447808 111.29985816
32.9129129129 24.5525148558 106.326438016
32.972972973 26.0102624325 101.659619664
33.033033033 27.6294405465 97.2874222926
33.0930930931 29.424065528 93.1986915657
33.1531531532 31.4097095197 89.3831376658
33.2132132132 33.6035997505 85.8313756289
33.2732732733 36.0247224233 82.5349708022
33.3333333333 38.6939285085 79.4864920864
33.3933933934 41.6340379407 76.679575864
33.4534534535 44.8699377668 74.1090039915
33.5135135135 48.4286681116 71.7707998936
33.5735735736 52.3394879361 69.6623475568
33.6336336336 56.6339105733 67.782539071
33.6936936937 61.3456953924 66.1319579566
33.7537537538 66.5107776177 64.7131073268
33.8138138138 72.1671141096 63.5306937224
33.8738738739 78.3544154661 62.5919806415
33.9339339339 85.113725643 61.9072296065
33.993993994 92.4868005117 61.4902506461
34.0540540541 100.515223208 61.3590896425
34.1141141141 109.23917483 61.5368877171
34.1741741742 118.695758282 62.0529556534
34.2342342342 128.916750718 62.9441144869
34.2942942943 139.92562362 64.256365941
34.3543543544 151.733636002 66.0469643465
34.4144144144 164.334779826 68.3869647583
34.4744744745 177.699312441 71.3643262701
34.5345345345 191.765611989 75.0876045916
34.5945945946 206.430117382 79.6902446562
34.6546546547 221.535228812 85.3352933417
34.7147147147 236.855291896 92.2201832311
34.7747747748 252.08131698 100.580729439
34.8348348348 266.80592162 110.692890042
34.8948948949 280.511399392 122.869754915
34.954954955 292.565718192 137.45000602
35.015015015 302.233584419 154.772729128
35.0750750751 308.71161133 175.132866951
35.1351351351 311.196510583 198.713152053
35.1951951952 308.990491062 225.494040153
35.2552552553 301.636311585 255.154376877
35.3153153153 289.056037558 286.990749881
35.3753753754 271.649466287 319.895219641
35.4354354354 250.303898522 352.427269456
35.4954954955 226.288783674 382.987756897
35.5555555556 201.053608422 410.058020842
35.6156156156 175.991099709 432.431998934
35.6756756757 152.241164371 449.3690671
35.7357357357 130.585731627 460.631815097
35.7957957958 111.440689517 466.421058053
35.8558558559 94.9165975938 467.251553095
35.9159159159 80.9089277961 463.815667407
35.975975976 69.1865111597 456.867499165
36.036036036 59.4615802247 447.140983518
36.0960960961 51.437232339 435.301517654
36.1561561562 44.8351860522 421.92383609
36.2162162162 39.4091660582 407.487432982
36.2762762763 34.9490900634 392.382128424
36.3363363363 31.280035248 376.91851229
36.3963963964 28.2586702808 361.339936471
36.4564564565 25.7687731513 345.834209144
36.5165165165 23.7167293538 330.544093476
36.5765765766 22.0274404598 315.57629147
36.6366366366 20.6408058485 301.008903537
36.6966966967 19.5087980464 286.897502206
36.7567567568 18.5930828951 273.28001507
36.8168168168 17.863110327 260.180617875
36.8768768769 17.2945965444 247.612822158
36.9369369369 16.8683250686 235.581916357
36.996996997 16.5692034974 224.086892586
37.0570570571 16.3855239048 213.121966096
37.1171171171 16.3083847453 202.677773194
37.1771771772 16.3312402325 192.742316525
37.2372372372 16.4495518165 183.301709111
37.2972972973 16.6605195082 174.340762856
37.3573573574 16.9628780403 165.843451933
37.4174174174 17.3567449082 157.793278481
37.4774774775 17.8435107466 150.173560624
37.5375375375 18.4257643184 142.967659577
37.5975975976 19.1072464194 136.159158463
37.6576576577 19.8928281395 129.732003195
37.7177177177 20.7885100813 123.670613476
37.7777777778 21.8014396117 117.95997095
37.8378378378 22.9399441827 112.585689522
37.8978978979 24.2135788572 107.534072528
37.957957958 25.6331865847 102.792160598
38.018018018 27.2109699534 98.3477732044
38.0780780781 28.9605730526 94.1895470112
38.1381381381 30.8971720956 90.306973567
38.1981981982 33.0375731725 86.6904388797
38.2582582583 35.4003152093 83.3312673647
38.3183183183 38.0057755792 80.2217728658
38.3783783784 40.8762750756 77.3553196391
38.4384384384 44.0361780729 74.7263964935
38.4984984985 47.5119821888 72.3307079561
38.5585585586 51.3323900068 70.1652870888
38.6186186186 55.5283529174 68.2286354203
38.6786786787 60.1330756799 66.5208963739
38.7387387387 65.1819630703 65.0440716156
38.7987987988 70.7124890992 63.8022897673
38.8588588589 76.7639612767 62.8021408148
38.9189189189 83.3771406553 62.0530942575
38.978978979 90.5936774947 61.5680192355
39.039039039 98.4552988061 61.3638349443
39.0990990991 107.002671241 61.4623244265
39.1591591592 116.273846683 61.8911510317
39.2192192192 126.302176076 62.6851249835
39.2792792793 137.11352024 63.8877892587
39.3393393393 148.722598475 65.5533815834
39.3993993994 161.128241304 67.7492578009
39.4594594595 174.307300212 70.5588507279
39.5195195195 188.206941219 74.085217934
39.5795795796 202.735085114 78.4551840224
39.6396396396 217.748809583 83.8239830592
39.6996996997 233.040780448 90.3800707483
39.7597597598 248.324181867 98.3494362661
39.8198198198 263.217402097 107.99809349
39.8798798799 277.230955198 119.630568933
39.9399399399 289.760932215 133.580906182
40.0 300.095533341 150.191406539
40.0600600601 307.443353414 169.773392081
40.1201201201 310.992662551 192.545175662
40.1801801802 310.007691721 218.546784045
40.2402402402 303.957928163 247.540944385
40.3003003003 292.659483633 278.924371797
40.3603603604 276.388265731 311.687108264
40.4204204204 255.915633157 344.458785989
40.4804804805 232.431911756 375.658852375
40.5405405405 207.363923939 403.725290463
40.6006006006 182.139576665 427.355957014
40.6606606607 157.975450699 445.686350668
40.7207207207 135.746729331 458.356598567
40.7807807808 115.956658565 465.468710223
40.8408408408 98.7838040572 467.472345012
40.9009009009 84.1683956891 465.027688816
40.960960961 71.9033513396 458.882531978
41.021021021 61.7096809715 449.781550856
41.0810810811 53.2894786746 438.410123543
41.1411411411 46.3581178303 425.366499311
41.2012012012 40.6606936875 411.153623852
41.2612612613 35.978071616 396.18276207
41.3213213213 32.1268547612 380.783105646
41.3813813814 28.9562585906 365.213601778
41.4414414414 26.3437494918 349.67483498
41.5015015015 24.190493579 334.319869849
41.5615615616 22.4171400463 319.263621327
41.6216216216 20.9601544927 304.590684182
41.6816816817 19.7687495241 290.361734033
41.7417417417 18.8023757977 276.618687496
41.8018018018 18.0287032192 263.388823192
41.8618618619 17.4220129883 250.688053812
41.9219219219 16.9619256094 238.523514685
41.981981982 16.6323993515 226.895607529
42.042042042 16.4209442924 215.799612332
42.1021021021 16.3180075134 205.226958351
42.1621621622 16.316493678 195.166226348
42.2222222222 16.411392961 185.603938953
42.2822822823 16.5994943046 176.525184079
42.3423423423 16.8791668011 167.914106689
42.4024024024 17.2501958502 159.75429664
42.4624624625 17.7136637397 152.029094451
42.5225225225 18.271866632 144.721832232
42.5825825826 18.928261744 137.816023457
42.6426426426 19.6874399555 131.295512358
42.7027027027 20.5551200205 125.144591835
42.7627627628 21.5381616103 119.348096614
42.8228228228 22.6445948008 113.891477589
42.8828828829 23.8836642116 108.760861902
42.9429429429 25.2658862534 103.943102743
43.003003003 26.8031181335 99.4258222363
43.0630630631 28.5086373244 95.1974503303
43.1231231231 30.3972301482 91.2472624087
43.1831831832 32.485287903 87.5654181797
43.2432432432 34.7909087714 84.1430042624
43.3033033033 37.3340029974 80.972083201
43.3633633634 40.1363985961 78.0457515991
43.4234234234 43.2219425634 75.3582109531
43.4834834835 46.6165949218 72.9048536835
43.5435435435 50.3485040039 70.6823707962
43.6036036036 54.4480611264 68.6888833253
43.6636636637 58.9479116347 66.9241086928
43.7237237237 63.8829223762 65.3895633452
43.7837837838 69.2900706151 64.088818376
43.8438438438 75.2082364532 63.0278166331
43.9039039039 81.6778646905 62.215266885
43.963963964 88.740449562 61.6631377731
44.024024024 96.4377900299 61.3872727746
44.0840840841 104.810945108 61.4081583657
44.1441441441 113.898788047 61.7518883911
44.2042042042 123.73606941 62.4513610735
44.2642642643 134.350816149 63.5477806087
44.3243243243 145.760915475 65.0925176107
44.3843843844 157.969661359 67.1494120462
44.4444444444 170.960022422 69.797590735
44.5045045045 184.687365569 73.1348651285
44.5645645646 199.070373811 77.281732725
44.6246246246 213.979962355 82.3859125235
44.6846846847 229.226177733 88.6271607102
44.7447447447 244.543422666 96.221796889
44.8048048048 259.575024467 105.425821713
44.8648648649 273.859281107 116.53466128
44.9249249249 286.820771628 129.876433832
44.984984985 297.772892585 145.794254862
45.045045045 305.93984242 164.612007096
45.1051051051 310.507430757 186.578253053
45.1651651652 310.709994561 211.786361466
45.2252252252 305.952693413 240.077265465
45.2852852853 295.952937419 270.945087295
45.3453453453 280.865151069 303.480597541
45.4054054054 261.339994754 336.392998167
45.4654654655 238.477103207 368.134822974
45.5255255255 213.665680041 397.116019496
45.5855855856 188.355366967 421.94960008
45.6456456456 163.83129921 441.65130904
45.7057057057 141.060147513 455.735961929
45.7657657658 120.635644261 464.199444315
45.8258258258 102.809876491 467.417651566
45.8858858859 87.5735564919 466.01090686
45.9459459459 74.7483781377 460.715079757
46.006006006 64.0673935019 452.282147857
46.0660660661 55.2336582458 441.415792441
46.1261261261 47.9571912064 428.737309939
46.1861861862 41.9748106138 414.773350995
46.2462462462 37.0583155739 399.957233021
46.3063063063 33.015632071 384.637493371
46.3663663664 29.6882481445 369.08941399
46.4264264264 26.9470347297 353.527028238
46.4864864865 24.6876766784 338.114282145
46.5465465465 22.8263437652 322.97478736
46.6066066066 21.2958782344 308.200027864
46.6666666667 20.0425779192 293.856100592
46.7267267267 19.0235538028 279.989165113
46.7867867868 18.2045967166 266.629804477
46.8468468468 17.5584745193 253.796491806
46.9069069069 17.0635830633 241.498335211
46.966966967 16.7028828344 229.73724544
47.027027027 16.4630640407 218.509645549
47.0870870871 16.3338928965 207.807819422
47.1471471471 16.3077014101 197.620974973
47.2072072072 16.3789909211 187.93608254
47.2672672673 16.5441258897 178.738536247
47.3273273273 16.8010997085 170.012675662
47.3873873874 17.1493583105 161.742197238
47.4474474474 17.5896705344 153.910478715
47.5075075075 18.1240367003 146.500834774
47.5675675676 18.7556287843 139.496718408
47.6276276276 19.4887570699 132.8818795
47.6876876877 20.3288593103 126.640489808
47.7477477477 21.282509348 120.757241655
47.8078078078 22.3574425639 115.217426746
47.8678678679 23.562596714 110.006998995
47.9279279279 24.9081659374 105.11262682
47.987987988 26.405666975 100.521737396
48.048048048 28.0680161654 96.2225562578
48.1081081081 29.9096159004 92.2041450188
48.1681681682 31.9464490543 88.4564396573
48.2282282282 34.196179627 84.9702919898
48.2882882883 36.6782573771 81.7375168416
48.3483483483 39.4140234614 78.7509477122
48.4084084084 42.4268141136 76.0045037972
48.4684684685 45.7420555422 73.4932724131
48.5285285285 49.3873460527 71.2136102904
48.5885885886 53.3925155986 69.1632690124
48.6486486486 57.7896504821 67.3415514214
48.7087087087 62.6130730877 65.7495046058
48.7687687688 67.899249503 64.3901624087
48.8288288288 73.6866133065 63.2688437924
48.8888888889 80.0152604001 62.3935281188
48.9489489489 86.9264834035 61.775321231
49.009009009 94.462090367 61.4290374805
49.0690690691 102.663440817 61.3739277063
49.1291291291 111.570112669 61.6345887005
49.1891891892 121.218095511 62.2420996194
49.2492492492 131.637373942 63.2354398551
49.3093093093 142.848726023 64.6632562852
49.3693693694 154.859557755 66.5860454153
49.4294294294 167.65850648 69.0788390612
49.4894894895 181.20857711 72.2344514645
49.5495495495 195.438530845 76.167333116
49.6096096096 210.232308069 81.0179891101
49.6696696697 225.41642001 86.9577581617
49.7297297297 240.745520213 94.1934983693
49.7897897898 255.886995478 102.971191567
49.8498498498 270.406362992 113.576770044
49.9099099099 283.756802577 126.331361681
49.96996997 295.278221017 141.57680644
50.03003003 304.213528891 159.646084987
50.0900900901 309.751439374 180.81305414
50.1501501502 311.104043087 205.218304797
50.2102102102 307.621092488 232.774966614
50.2702702703 298.929260607 263.07086488
50.3303303303 285.065362301 295.29871599
50.3903903904 266.556477059 328.255073303
50.4504504505 244.401480735 360.439083859
50.5105105105 219.937398909 390.248259976
50.5705705706 194.621356364 416.223409804
50.6306306306 169.797382088 437.266531626
50.6906906907 146.520345208 452.76584845
50.7507507508 125.476591022 462.604623363
50.8108108108 106.99687629 467.076398957
50.8708708709 91.1282251351 466.753554301
50.9309309309 77.7261227538 462.353865746
50.990990991 66.5392865932 454.632656324
51.0510510511 57.2739951052 444.309846212
51.1111111111 49.6361117369 432.029061636
51.1711711712 43.3546614564 418.340769354
51.2312312312 38.1924301557 403.700891667
51.2912912913 33.9484996153 388.478033254
51.3513513514 30.4563658423 372.964560234
51.4114114114 27.5800188811 357.388647448
51.4714714715 25.2093935442 341.925725744
51.5315315315 23.2559441708 326.708610432
51.5915915916 21.6486907146 311.83609081
51.6516516517 20.3308532722 297.380020975
51.7117117117 19.2570716156 283.39107219
51.7717717718 18.3911525774 269.903345549
51.8318318318 17.7042674947 256.938043984
51.8918918919 17.1735220057 244.506381753
51.951951952 16.7808275659 232.611883358
52.012012012 16.5120143039 221.25219798
52.0720720721 16.3561362107 210.420529523
52.1321321321 16.3049282749 200.106764657
52.1921921922 16.3523841432 190.298362209
52.2522522523 16.4944293603 180.981054691
52.3123123123 16.7286707521 172.139401645
52.3723723724 17.0542068029 163.75722612
52.4324324324 17.4714872753 155.817958833
52.4924924925 17.9822129691 148.304909445
52.5525525526 18.5892686064 141.201480174
52.6126126126 19.2966831737 134.491334358
52.6726726727 20.1096139714 128.158528669
52.7327327327 21.0343505315 122.187618006
52.7927927928 22.0783361845 116.56373851
52.8528528529 23.2502051254 111.272674201
52.9129129129 24.559833316 106.30091145
52.972972973 26.0184018048 101.635684906
53.033033033 27.6384711562 97.2650180211
53.0930930931 29.4340656649 93.1777609144
53.1531531532 31.4207659862 89.3636284783
53.2132132132 33.6158083077 85.8132406916
53.2732732733 36.0381885533 82.5181680897
53.3333333333 38.7087675979 79.470985064
53.3933933934 41.650376363 76.6653337984
53.4534534535 44.8879128993 74.0960024661
53.5135135135 48.4484295148 71.7590211828
53.5735735736 52.3611962864 69.6517817886
53.6336336336 56.657738788 67.7731846612
53.6936936937 61.3718281145 66.123822878
53.7537537538 66.5394106577 64.7062105178
53.8138138138 72.1984536254 63.5250664466
53.8738738739 78.3886755991 62.5876689612
53.9339339339 85.1511272292 61.9042964511
53.993993994 92.52756449 61.4887800435
54.0540540541 100.559567871 61.3591896339
54.1141141141 109.287306327 61.5386964322
54.1741741742 118.747861374 62.0566469394
54.2342342342 128.972974813 62.9499061815
54.2942942943 139.986063881 64.2645299058
54.3543543544 151.798310995 66.0578381409
54.4144144144 164.403600524 68.4009672953
54.4744744745 177.772044396 71.381973082
54.5345345345 191.841827708 75.109534692
54.5945945946 206.509137137 79.7172367271
54.6546546547 221.616049405 85.3683004688
54.7147147147 236.936511553 92.2603479835
54.7747747748 252.161048464 100.62941002
54.8348348348 266.881723405 110.751651253
54.8948948949 280.580225281 122.940337297
54.954954955 292.623924248 137.534236851
55.015015015 302.277051644 154.872335733
55.0750750751 308.736008884 175.249183825
55.1351351351 311.197752983 198.846699201
55.1951951952 308.965391356 225.644000549
55.2552552553 301.583342325 255.318085032
55.3153153153 288.975998761 287.163388002
55.3753753754 271.54581152 320.06992364
55.4354354354 250.182491713 352.595786163
55.4954954955 226.157037738 383.141606382
55.5555555556 200.919257528 410.189807104
55.6156156156 175.860988453 432.536486034
55.6756756757 152.120420668 449.443695117
55.7357357357 130.477489298 460.676588687
55.7957957958 111.346264674 466.43799806
55.8558558559 94.8359210286 467.24397211
55.9159159159 80.8410395783 463.787481849
55.975975976 69.1299864462 456.822703981
56.036036036 59.4148394215 447.083312352
56.0960960961 51.3987356799 435.234264113
56.1561561562 44.8035375032 421.84979051
56.2162162162 39.3831571401 407.408888113
56.2762762763 34.927703629 392.300928841
56.3363363363 31.2624323229 376.836114213
56.3963963964 28.2441675381 361.257471805
56.4564564565 25.7568187618 345.752544615
56.5165165165 23.7068800567 330.463882228
56.5765765766 22.0193411267 315.498016826
56.6366366366 20.6341725514 300.932914554
56.6966966967 19.5034039926 286.824042567
56.7567567568 18.5887472548 273.209246101
56.8168168168 17.8596891046 260.112636925
56.8768768769 17.291975505 247.547677063
56.9369369369 16.8664141137 235.519616921
56.996996997 16.5679322428 224.027419626
57.0570570571 16.3848383476 213.065278324
57.1171171171 16.308244136 202.62381376
57.1771771772 16.3316155359 192.691016158
57.2372372372 16.4504238467 183.252990278
57.2972972973 16.6618776853 174.294542477
57.3573573574 16.9647194311 165.799643629
57.4174174174 17.3590735917 157.751794165
57.4774774775 17.8463373181 150.134311887
57.5375375375 18.4291055739 142.930558745
57.5975975976 19.1111251766 136.124119446
57.6576576577 19.8972731726 129.698942159
57.7177177177 20.7935562125 123.639449285
57.7777777778 21.8071277994 117.930625681
57.8378378378 22.9463217379 112.558088769
57.8978978979 24.2206997385 107.508145683
57.957957958 25.641111767 102.767841053
58.018018018 27.2197678226 98.3249985722
58.0780780781 28.9703198589 94.1682593442
58.1381381381 30.9079524527 90.2871195527
58.1981981982 33.049480604 86.6719700441
58.2582582583 35.4134527046 83.3141403271
58.3183183183 38.0202561306 80.2059496511
58.3783783784 40.8922221851 77.3407680505
58.4384384384 44.0537264868 74.7130904033
58.4984984985 47.5312780473 72.3186280492
58.5585585586 51.3535911673 70.1544214651
58.6186186186 55.5516295346 68.2189802146
58.6786786787 60.158609339 66.512457168
58.7387387387 65.2099470115 65.0368643707
58.7987987988 70.7431272082 63.7963424336
58.8588588589 76.7974654337 62.7974957778
58.9189189189 83.4137303299 62.0498099338
58.978978979 90.6335742438 61.5661739491
59.039039039 98.498722587 61.3635301942
59.0990990991 107.049830566 61.4636908578
59.1591591592 116.32493413 61.8943522368
59.2192192192 126.357350699 62.690367332
59.2792792793 137.172892858 63.8953299887
59.3393393393 148.786209861 65.563540009
59.3993993994 161.196033077 67.7624310744
59.4594594595 174.37907808 70.5755293532
59.5195195195 188.282330409 74.1060072375
59.5795795796 202.813475305 78.4808256267
59.6396396396 217.829282964 83.8553855682
59.6996996997 233.122043307 90.418327179
59.7597597598 248.404475888 98.3958489525
59.8198198198 263.294429779 108.054178054
59.8798798799 277.301820498 119.698029019
59.9399399399 289.82213642 133.661559213
60.0 300.143057001 150.287027573
