0.0 15.0 22.0
0.00500500500501 15.134266171 21.906678679
0.01001001001 15.2698050958 21.8139005343
0.015015015015 15.4066290674 21.7216633959
0.02002002002 15.5447508137 21.6299650564
0.025025025025 15.6841826023 21.5388034247
0.03003003003 15.8249370441 21.4481763885
0.035035035035 15.9670268666 21.3580818507
0.04004004004 16.1104649206 21.2685177297
0.045045045045 16.2552641791 21.1794819595
0.0500500500501 16.4014377483 21.0909724912
0.0550550550551 16.5489988451 21.0029872891
0.0600600600601 16.6979608367 20.9155243362
0.0650650650651 16.8483372292 20.8285816331
0.0700700700701 17.0001416215 20.7421571901
0.0750750750751 17.1533877548 20.6562490357
0.0800800800801 17.3080895062 20.570855214
0.0850850850851 17.4642608898 20.4859737852
0.0900900900901 17.6219160479 20.4016028247
0.0950950950951 17.7810692678 20.3177404238
0.1001001001 17.9417349677 20.2343846895
0.105105105105 18.1039277053 20.1515337444
0.11011011011 18.267662191 20.0691857268
0.115115115115 18.4329532675 19.9873387908
0.12012012012 18.5998159148 19.9059911059
0.125125125125 18.7682652548 19.8251408576
0.13013013013 18.9383165527 19.7447862468
0.135135135135 19.1099852183 19.6649254902
0.14014014014 19.2832868129 19.5855568202
0.145145145145 19.4582370643 19.5066784854
0.15015015015 19.6348518426 19.4282887498
0.155155155155 19.8131471705 19.3503858932
0.16016016016 19.9931392268 19.272968211
0.165165165165 20.1748443482 19.1960340144
0.17017017017 20.3582790309 19.1195816306
0.175175175175 20.5434599217 19.0436094026
0.18018018018 20.7304038132 18.9681156897
0.185185185185 20.9191276719 18.8930988669
0.19019019019 21.1096486274 18.8185573251
0.195195195195 21.3019839738 18.7444894708
0.2002002002 21.4961511705 18.6708937267
0.205205205205 21.6921678444 18.5977685315
0.21021021021 21.8900517924 18.5251123402
0.215215215215 22.0898209823 18.452923624
0.22022022022 22.2914935528 18.3812008702
0.225225225225 22.4950878162 18.3099425819
0.23023023023 22.7006222595 18.2391472786
0.235235235235 22.9081155464 18.1688134958
0.24024024024 23.1175865183 18.0989397854
0.245245245245 23.3290542027 18.0295247162
0.25025025025 23.5425378079 17.9605668733
0.255255255255 23.7580567239 17.892064858
0.26026026026 23.9756305258 17.8240172881
0.265265265265 24.1952789751 17.7564227979
0.27027027027 24.4170220219 17.6892800381
0.275275275275 24.640879808 17.6225876764
0.28028028028 24.8668726688 17.5563443973
0.285285285285 25.0950211373 17.4905489026
0.29029029029 25.325345938 17.4251999103
0.295295295295 25.5578679932 17.3602961555
0.3003003003 25.7926084242 17.29583639
0.305305305305 26.0295885534 17.2318193827
0.31031031031 26.2688299093 17.1682439202
0.315315315315 26.5103542369 17.1051088077
0.32032032032 26.7541834787 17.0424128665
0.325325325325 27.0003397846 16.9801549349
0.33033033033 27.2488455148 16.9183338689
0.335335335335 27.4997232419 16.8569485416
0.34034034034 27.7529957523 16.7959978438
0.345345345345 28.0086860485 16.735480684
0.35035035035 28.2668173506 16.6753959883
0.355355355355 28.5274130984 16.6157427005
0.36036036036 28.7904969532 16.5565197823
0.365365365365 29.0560927999 16.4977262134
0.37037037037 29.3242247487 16.4393609913
0.375375375375 29.594917144 16.3814231328
0.38038038038 29.868194584 16.323911677
0.385385385385 30.1440818845 16.2668256788
0.39039039039 30.4226040952 16.2101642117
0.395395395395 30.7037865042 16.1539263681
0.4004004004 30.9876546405 16.0981112597
0.405405405405 31.2742342762 16.0427180171
0.41041041041 31.5635514291 15.9877457907
0.415415415415 31.8556323647 15.9331937503
0.42042042042 32.1505035993 15.8790610854
0.425425425425 32.4481919018 15.8253470054
0.43043043043 32.7487242828 15.7720507383
0.435435435435 33.0521279923 15.7191715304
0.44044044044 33.3584305558 15.6667086498
0.445445445445 33.6676597593 15.614661385
0.45045045045 33.9798436511 15.5630290453
0.455455455455 34.2950105439 15.5118109599
0.46046046046 34.6131890178 15.4610064794
0.465465465465 34.9344079219 15.4106149749
0.47047047047 35.2586963774 15.3606358385
0.475475475475 35.5860837795 15.311068484
0.48048048048 35.9165997998 15.261912346
0.485485485485 36.2502743935 15.2131668829
0.49049049049 36.5871377979 15.164831575
0.495495495495 36.9272205324 15.1169059237
0.500500500501 37.2705534035 15.0693894529
0.505505505506 37.6171675071 15.0222817091
0.510510510511 37.9670942314 14.9755822614
0.515515515516 38.3203652591 14.929290702
0.520520520521 38.6770125705 14.8834066462
0.525525525526 39.0370684456 14.8379297329
0.530530530531 39.4005654671 14.7928596246
0.535535535536 39.767536523 14.7481960077
0.540540540541 40.1380148098 14.7039385944
0.545545545546 40.5120338347 14.6600871208
0.550550550551 40.889627418 14.6166413473
0.555555555556 41.2708296962 14.5736010596
0.560560560561 41.6556751247 14.5309660685
0.565565565566 42.0441984809 14.4887362102
0.570570570571 42.4364348664 14.4469113472
0.575575575576 42.8324197104 14.4054913676
0.580580580581 43.2321887722 14.3644761863
0.585585585586 43.6357781442 14.3238657448
0.590590590591 44.0432242548 14.2836600119
0.595595595596 44.4545638717 14.2438589866
0.600600600601 44.8698341043 14.2044626938
0.605605605606 45.2890724063 14.1654711866
0.610610610611 45.7123165796 14.1268845464
0.615615615616 46.1396047763 14.0887028837
0.620620620621 46.5709755026 14.0509263378
0.625625625626 47.0064676211 14.0135550781
0.630630630631 47.4461203543 13.9765893034
0.635635635636 47.8899732873 13.9400292432
0.640640640641 48.3380663713 13.9038751575
0.645645645646 48.7904399269 13.8681273386
0.650650650651 49.2471346475 13.8327861131
0.655655655656 49.7081916014 13.7978518374
0.660660660661 50.173652235 13.7633249003
0.665665665666 50.6435583765 13.7292057238
0.670670670671 51.117952239 13.6954947633
0.675675675676 51.5968764237 13.6621925079
0.680680680681 52.0803739231 13.6292994815
0.685685685686 52.5684881243 13.5968162425
0.690690690691 53.0612628122 13.5647433847
0.695695695696 53.558742173 13.5330815377
0.700700700701 54.0609707968 13.5018313706
0.705705705706 54.5679936809 13.4709935906
0.710710710711 55.0798562345 13.4405689403
0.715715715716 55.5966042811 13.4105582008
0.720720720721 56.1182840621 13.3809621919
0.725725725726 56.6449422403 13.3517817728
0.730730730731 57.176625903 13.3230178427
0.735735735736 57.7133825657 13.2946713414
0.740740740741 58.2552601755 13.2667432499
0.745745745746 58.8023071147 13.2392345911
0.750750750751 59.3545722039 13.2121464304
0.755755755756 59.9121047035 13.1854798818
0.760760760761 60.4749543197 13.1592361025
0.765765765766 61.0431712086 13.1334162924
0.770770770771 61.6168059788 13.1080216974
0.775775775776 62.1959096949 13.0830536096
0.780780780781 62.7805338811 13.0585133682
0.785785785786 63.3707305251 13.0344023605
0.790790790791 63.9665520813 13.0107220223
0.795795795796 64.5680514746 12.9874738388
0.800800800801 65.1752821042 12.9646593454
0.805805805806 65.7882978462 12.9422801298
0.810810810811 66.4071530531 12.9203378394
0.815815815816 67.0319025647 12.8988341708
0.820820820821 67.6626017103 12.8777708738
0.825825825826 68.2993063112 12.8571497534
0.830830830831 68.9420726845 12.8369726707
0.835835835836 69.590957647 12.8172415442
0.840840840841 70.2460185188 12.7979583502
0.845845845846 70.9073131269 12.7791251246
0.850850850851 71.5748998093 12.760743963
0.855855855856 72.2488374184 12.7428170224
0.860860860861 72.9291853219 12.7253465256
0.865865865866 73.6160034017 12.7083347676
0.870870870871 74.3093520708 12.6917841021
0.875875875876 75.0092922717 12.6756969488
0.880880880881 75.7158854794 12.6600757949
0.885885885886 76.4291937055 12.6449231971
0.890890890891 77.1492795016 12.6302417818
0.895895895896 77.8762059634 12.6160342476
0.900900900901 78.6100367342 12.6023033654
0.905905905906 79.3508360093 12.5890519806
0.910910910911 80.0986685389 12.5762830141
0.915915915916 80.8535996237 12.5639994722
0.920920920921 81.6156951195 12.5522044469
0.925925925926 82.3850214567 12.5409011027
0.930930930931 83.1616456349 12.5300926867
0.935935935936 83.9456352265 12.5197825304
0.940940940941 84.7370583805 12.5099740511
0.945945945946 85.5359838262 12.5006707536
0.950950950951 86.3424808771 12.491876232
0.955955955956 87.1566194342 12.4835941713
0.960960960961 87.9784699902 12.4758283491
0.965965965966 88.8081036328 12.4685826376
0.970970970971 89.6455920315 12.4618610196
0.975975975976 90.4910074574 12.4556675771
0.980980980981 91.3444227916 12.4500064888
0.985985985986 92.2059115227 12.4448820374
0.990990990991 93.0755477497 12.4402986124
0.995995995996 93.9534061854 12.436260712
1.001001001 94.8395621603 12.4327729452
1.00600600601 95.7340916253 12.4298400347
1.01101101101 96.6370711552 12.4274668187
1.01601601602 97.5485779432 12.4256582599
1.02102102102 98.468689813 12.4244194414
1.02602602603 99.3974852239 12.4237555683
1.03103103103 100.335043271 12.4236719722
1.03603603604 101.281443689 12.4241741142
1.04104104104 102.236766853 12.4252675872
1.04604604605 103.201093785 12.4269581189
1.05105105105 104.174506153 12.4292515749
1.05605605606 105.157086277 12.4321539616
1.06106106106 106.148917107 12.435671447
1.06606606607 107.150082249 12.4398103449
1.07107107107 108.160665974 12.4445771156
1.07607607608 109.180753213 12.449978375
1.08108108108 110.210429557 12.4560208981
1.08608608609 111.24978126 12.4627116227
1.09109109109 112.298895243 12.4700576526
1.0960960961 113.357859095 12.4780662616
1.1011011011 114.426761073 12.486744898
1.10610610611 115.505690081 12.4961012068
1.11111111111 116.594735696 12.5061430132
1.11611611612 117.693988179 12.5168783247
1.12112112112 118.803538464 12.5283153414
1.12612612613 119.92347816 12.5404624602
1.13113113113 121.053899554 12.5533282796
1.13613613614 122.194895612 12.5669216042
1.14114114114 123.346559978 12.5812514494
1.14614614615 124.508986974 12.5963270475
1.15115115115 125.682271565 12.6121578794
1.15615615616 126.866509403 12.6287536483
1.16116116116 128.061796827 12.646124284
1.16616616617 129.268230856 12.6642799569
1.17117117117 130.485909185 12.683231083
1.17617617618 131.714930189 12.7029883303
1.18118118118 132.955392917 12.7235626245
1.18618618619 134.207397099 12.7449651548
1.19119119119 135.471043138 12.7672073824
1.1961961962 136.746432066 12.7903010744
1.2012012012 138.033665593 12.8142582802
1.20620620621 139.332846106 12.8390913381
1.21121121121 140.64407665 12.8648128896
1.21621621622 141.967460934 12.891435888
1.22122122122 143.303103321 12.9189736053
1.22622622623 144.651108828 12.9474396411
1.23123123123 146.011583116 12.9768479362
1.23623623624 147.384632487 13.0072127782
1.24124124124 148.77036389 13.0385488059
1.24624624625 150.16888491 13.0708710215
1.25125125125 151.580303765 13.1041947997
1.25625625626 153.004729302 13.1385358972
1.26126126126 154.44227099 13.1739104619
1.26626626627 155.893038892 13.2103350595
1.27127127127 157.357143648 13.2478266916
1.27627627628 158.834696517 13.286402771
1.28128128128 160.325809353 13.3260811498
1.28628628629 161.830594587 13.3668801315
1.29129129129 163.349165227 13.4088184828
1.2962962963 164.881634844 13.451915446
1.3013013013 166.428117556 13.4961907592
1.30630630631 167.988727975 13.5416646919
1.31131131131 169.563581273 13.588358017
1.31631631632 171.152793137 13.6362920394
1.32132132132 172.756479763 13.6854886125
1.32632632633 174.374757837 13.7359701527
1.33133133133 176.00774453 13.7877596547
1.33633633634 177.65555747 13.8408807115
1.34134134134 179.318314673 13.8953575708
1.34634634635 180.996134604 13.9512150988
1.35135135135 182.689136151 14.0084788066
1.35635635636 184.397438598 14.0671748752
1.36136136136 186.121161602 14.127330174
1.36636636637 187.860425184 14.1889722799
1.37137137137 189.615349699 14.2521294974
1.37637637638 191.386055762 14.3168309195
1.38138138138 193.172664266 14.3831064183
1.38638638639 194.975296386 14.4509866552
1.39139139139 196.794073527 14.5205031171
1.3963963964 198.629117304 14.5916881403
1.4014014014 200.480549513 14.6645749356
1.40640640641 202.34849208 14.7391976283
1.41141141141 204.233067052 14.8155912733
1.41641641642 206.134396569 14.8937918783
1.42142142142 208.052602831 14.9738364359
1.42642642643 209.987808061 15.0557629524
1.43143143143 211.940134472 15.1396104787
1.43643643644 213.909704167 15.225419184
1.44144144144 215.896639148 15.3132303533
1.44644644645 217.901061303 15.4030864095
1.45145145145 219.923092339 15.4950309606
1.45645645646 221.962853742 15.5891088356
1.46146146146 224.020466728 15.6853661221
1.46646646647 226.096052133 15.7838502472
1.47147147147 228.189730419 15.8846099824
1.47647647648 230.301621636 15.9876954736
1.48148148148 232.431845353 16.0931582965
1.48648648649 234.580520603 16.2010515003
1.49149149149 236.74776582 16.3114296538
1.4964964965 238.933698695 16.4243489508
1.5015015015 241.138436187 16.5398672101
1.50650650651 243.362094475 16.6580439134
1.51151151151 245.604788867 16.7789402736
1.51651651652 247.866633731 16.9026192896
1.52152152152 250.147742413 17.0291458036
1.52652652653 252.448227056 17.1585866324
1.53153153153 254.768198609 17.2910105655
1.53653653654 257.10776677 17.4264884124
1.54154154154 259.467039869 17.5650930882
1.54654654655 261.846124776 17.7068996802
1.55155155155 264.245126803 17.8519855201
1.55655655656 266.664149466 18.000430349
1.56156156156 269.103294506 18.1523163115
1.56656656657 271.562661808 18.307728016
1.57157157157 274.042349255 18.4667526404
1.57657657658 276.54245261 18.6294800156
1.58158158158 279.063065392 18.7960027142
1.58658658659 281.604278614 18.9664162347
1.59159159159 284.166180746 19.1408190293
1.5965965966 286.748857609 19.3193125834
1.6016016016 289.352392195 19.5020015423
1.60660660661 291.976864514 19.6889938199
1.61161161161 294.622351401 19.8804007313
1.61661661662 297.288926389 20.0763370864
1.62162162162 299.97665954 20.2769213089
1.62662662663 302.685617267 20.4822755607
1.63163163163 305.41586213 20.6925258843
1.63663663664 308.167452509 20.9078024261
1.64164164164 310.940442574 21.128239465
1.64664664665 313.73488204 21.3539755789
1.65165165165 316.550815946 21.5851538019
1.65665665666 319.388284394 21.821921801
1.66166166166 322.247322214 22.064432104
1.66666666667 325.127958877 22.3128421673
1.67167167167 328.030218195 22.5673145788
1.67667667668 330.954118061 22.8280172407
1.68168168168 333.899670104 23.0951236
1.68668668669 336.86687932 23.368812904
1.69169169169 339.855743959 23.6492702791
1.6966966967 342.866255151 23.936686987
1.7017017017 345.898396589 24.2312606412
1.70670670671 348.952144079 24.5331955095
1.71171171171 352.027465159 24.8427027737
1.71671671672 355.124318919 25.1600006564
1.72172172172 358.242655551 25.4853147261
1.72672672673 361.382415962 25.818878158
1.73173173173 364.543531187 26.1609321282
1.73673673674 367.725922032 26.5117260584
1.74174174174 370.929498771 26.8715178229
1.74674674675 374.154160618 27.2405741029
1.75175175175 377.399795254 27.6191707059
1.75675675676 380.666278082 28.0075930633
1.76176176176 383.953471892 28.4061364573
1.76676676677 387.261226411 28.8151063294
1.77177177177 390.589377682 29.2348186912
1.77677677678 393.937747481 29.6656005192
1.78178178178 397.306142397 30.1077903623
1.78678678679 400.694353519 30.5617385566
1.79179179179 404.102155799 31.0278076549
1.7967967968 407.529307336 31.5063729039
1.8018018018 410.97554863 31.9978227372
1.80680680681 414.440601502 32.5025594865
1.81181181181 417.924168776 33.0209996061
1.81681681682 421.425933424 33.5535742387
1.82182182182 424.945557733 34.1007297704
1.82682682683 428.482682364 34.6629284479
1.83183183183 432.03692512 35.2406491768
1.83683683684 435.607880577 35.8343877947
1.84184184184 439.195118992 36.4446577808
1.84684684685 442.798185326 37.0719909039
1.85185185185 446.416598062 37.716937989
1.85685685686 450.049847867 38.3800697738
1.86186186186 453.697397076 39.0619772903
1.86686686687 457.358678367 39.7632727164
1.87187187187 461.033093608 40.4845901315
1.87687687688 464.720012389 41.2265864495
1.88188188188 468.418770631 41.9899423059
1.88688688689 472.12866982 42.7753626128
1.89189189189 475.84897544 43.5835775479
1.8968968969 479.578915632 44.4153434296
1.9019019019 483.317679368 45.2714438211
1.90690690691 487.064415126 46.1526904075
1.91191191191 490.818229703 47.0599238133
1.91691691692 494.578186465 47.9940146909
1.92192192192 498.343303738 48.9558647459
1.92692692693 502.11255315 49.9464077912
1.93193193193 505.884857608 50.9666108691
1.93693693694 509.659089702 52.0174753433
1.94194194194 513.434070016 53.1000380269
1.94694694695 517.208565121 54.2153723743
1.95195195195 520.981285618 55.364589691
1.95695695696 524.750884142 56.5488403573
1.96196196196 528.51595404 57.7693145021
1.96696696697 532.27502696 59.0272435206
1.97197197197 536.026570615 60.3239014438
1.97697697698 539.768986865 61.6606060278
1.98198198198 543.50060944 63.0387201032
1.98698698699 547.219701578 64.4596529629
1.99199199199 550.924454114 65.9248614128
1.996996997 554.612983058 67.4358511647
2.002002002 558.283327399 68.9941780371
2.00700700701 561.933447663 70.6014484522
2.01201201201 565.561222809 72.2593213771
2.01701701702 569.164448084 73.9695093838
2.02202202202 572.740832848 75.7337797133
2.02702702703 576.287998677 77.5539550745
2.03203203203 579.803477061 79.4319147553
2.03703703704 583.284707032 81.3695957617
2.04204204204 586.729033127 83.3689936402
2.04704704705 590.133703584 85.432163046
2.05205205205 593.495868962 87.5612178851
2.05705705706 596.81257938 89.7583327031
2.06206206206 600.08078302 92.0257428754
2.06706706707 603.297324553 94.3657448449
2.07207207207 606.458944878 96.7806952325
2.07707707708 609.562278818 99.2730115962
2.08208208208 612.603853998 101.845172163
2.08708708709 615.580090091 104.499715214
2.09209209209 618.487298948 107.239237674
2.0970970971 621.321684594 110.066393764
2.1021021021 624.079342526 112.983894212
2.10710710711 626.756260475 115.994504167
2.11211211211 629.348319323 119.101041
2.11711711712 631.851294199 122.306371827
2.12212212212 634.260856055 125.613410601
2.12712712713 636.572574102 129.025114468
2.13213213213 638.781919428 132.544479092
2.13713713714 640.884267217 136.174535049
2.14214214214 642.874900997 139.918342511
2.14714714715 644.749017681 143.778985315
2.15215215215 646.501732898 147.759564662
2.15715715716 648.128086813 151.863192303
2.16216216216 649.623051202 156.092982759
2.16716716717 650.981537727 160.452044583
2.17217217217 652.198406232 164.943471365
2.17717717718 653.268474394 169.570331681
2.18218218218 654.186528455 174.335658229
2.18718718719 654.947334987 179.242436186
2.19219219219 655.545653471 184.293590477
2.1971971972 655.976250175 189.491972273
2.2022022022 656.233912573 194.840345291
2.20720720721 656.313465526 200.341370295
2.21221221221 656.209788722 205.997588578
2.21721721722 655.917834702 211.811405242
2.22222222222 655.432646753 217.785073023
2.22722722723 654.74938084 223.920672015
2.23223223223 653.863327102 230.220090328
2.23723723724 652.769931 236.685005425
2.24224224224 651.464815406 243.316864843
2.24724724725 649.943807592 250.116862289
2.25225225225 648.202963621 257.08591676
2.25725725726 646.238590139 264.224654455
2.26226226226 644.047272747 271.533384701
2.26726726727 641.625903948 279.012076645
2.27227227227 638.97170877 286.660338549
2.27727727728 636.08226685 294.477400712
2.28228228228 632.955542434 302.462091438
2.28728728729 629.589909446 310.612817952
2.29229229229 625.984176912 318.927547237
2.2972972973 622.137613693 327.403788218
2.3023023023 618.049971698 336.038575593
2.30730730731 613.721504032 344.828458642
2.31231231231 609.152988523 353.769485783
2.31731731732 604.345745162 362.857194923
2.32232232232 599.301651102 372.086606099
2.32732732733 594.023154979 381.452215908
2.33233233233 588.513287503 390.947995248
2.33733733734 582.775668442 400.567390471
2.34234234234 576.81451183 410.303327176
2.34734734735 570.634627042 420.148217629
2.35235235235 564.241416939 430.093970593
2.35735735736 557.640870958 440.132007186
2.36236236236 550.839555412 450.253278734
2.36736736737 543.844601942 460.448285997
2.37237237237 536.663687354 470.707107452
2.37737737738 529.305012653 481.019427615
2.38238238238 521.777281507 491.374565337
2.38738738739 514.089667214 501.761513701
2.39239239239 506.251781096 512.168977679
2.3973973974 498.273641819 522.585410334
2.4024024024 490.16563129 532.999061915
2.40740740741 481.938454264 543.398024605
2.41241241241 473.603100149 553.770274591
2.41741741742 465.170791255 564.103726587
2.42242242242 456.652936478 574.38628249
2.42742742743 448.061088028 584.605876637
2.43243243243 439.406886522 594.750531037
2.43743743744 430.702012317 604.808404209
2.44244244244 421.958140098 614.767836555
2.44744744745 413.186885777 624.617401343
2.45245245245 404.399759276 634.345949943
2.45745745746 395.608120135 643.942654152
2.46246246246 386.823130851 653.397048539
2.46746746747 378.055714619 662.699068719
2.47247247247 369.316515046 671.839087721
2.47747747748 360.615859463 680.807946532
2.48248248248 351.96372429 689.596983147
2.48748748749 343.369701061 698.198061094
2.49249249249 334.842973046 706.603585058
2.4974974975 326.392291797 714.806517253
2.5025025025 318.025950929 722.800397302
2.50750750751 309.751768096 730.579352955
2.51251251251 301.577074285 738.138102658
2.51751751752 293.50870497 745.471955582
2.52252252252 285.55299365 752.576810472
2.52752752753 277.715768279 759.449151287
2.53253253253 270.002344151 766.086047324
2.53753753754 262.417533055 772.485135346
2.54254254254 254.965647091 778.644607854
2.54754754755 247.650506616 784.563197085
2.55255255255 240.475451398 790.240156855
2.55755755756 233.443350958 795.675244775
2.56256256256 226.556619506 800.868700253
2.56756756757 219.817232742 805.82122089
2.57257257257 213.226743897 810.533939635
2.57757757758 206.786302847 815.008399692
2.58258258258 200.496675391 819.246529281
2.58758758759 194.358262959 823.250616077
2.59259259259 188.371123412 827.023281458
2.5975975976 182.534992045 830.56745437
2.6026026026 176.849302631 833.88634567
2.60760760761 171.313208126 836.983423348
2.61261261261 165.925602474 839.862386481
2.61761761762 160.685140367 842.527142138
2.62262262262 155.590256818 844.981782709
2.62762762763 150.639188752 847.230560896
2.63263263263 145.829993836 849.27786829
2.63763763764 141.160567039 851.128216855
2.64264264264 136.628659781 852.786217455
2.64764764765 132.231898431 854.256559374
2.65265265265 127.967797451 855.543996002
2.65765765766 123.833775513 856.653327322
2.66266266266 119.827172316 857.58938177
2.66766766767 115.945260534 858.357003602
2.67267267267 112.185258681 858.961039392
2.67767767768 108.544342555 859.406326227
2.68268268268 105.019656384 859.697680212
2.68768768769 101.608324218 859.839884849
2.69269269269 98.3074591353 859.837681868
2.6976976977 95.1141714749 859.695763188
2.7027027027 92.0255768984 859.418763226
2.70770770771 89.0388036225 859.011251982
2.71271271271 86.1509990576 858.477728912
2.71771771772 83.3593360391 857.822617272
2.72272272272 80.6610177006 857.050259926
2.72772772773 78.0532824202 856.164915153
2.73273273273 75.5334079905 855.17075327
2.73773773774 73.0987152157 854.071853873
2.74274274274 70.7465711632 852.872203554
2.74774774775 68.4743918715 851.575694098
2.75275275275 66.2796446806 850.186121133
2.75775775776 64.1598502054 848.707183181
2.76276276276 62.1125839228 847.142481072
2.76776776777 60.1354773672 845.49551785
2.77277277277 58.2262191468 843.769698785
2.77777777778 56.3825557487 841.968331556
2.78278278278 54.6022920349 840.094626801
2.78778778779 52.8832910837 838.151699568
2.79279279279 51.2234743279 836.142570181
2.7977977978 49.6208217847 834.070164859
2.8028028028 48.0733716957 831.93731717
2.80780780781 46.579219654 829.746770094
2.81281281281 45.1365179321 827.501177751
2.81781781782 43.7434751375 825.20310663
2.82282282282 42.3983552978 822.855037529
2.82782782783 41.0994771121 820.459367188
2.83283283283 39.845212961 818.018410297
2.83783783784 38.6339879383 815.534401367
2.84284284284 37.4642782079 813.009497477
2.84784784785 36.3346104024 810.445779606
2.85285285285 35.2435603968 807.845254764
2.85785785786 34.1897520614 805.209858069
2.86286286286 33.1718561066 802.541454741
2.86786786787 32.1885889239 799.841842067
2.87287287287 31.2387112189 797.112751574
2.87787787788 30.3210267577 794.355851053
2.88288288288 29.4343813236 791.572746304
2.88788788789 28.5776614039 788.764983184
2.89289289289 27.7497928647 785.93404965
2.8978978979 26.9497399148 783.081377444
2.9029029029 26.1765038787 780.208343981
2.90790790791 25.4291219277 777.316274252
2.91291291291 24.7066660321 774.406442479
2.91791791792 24.0082418362 771.480073829
2.92292292292 23.3329874521 768.538346208
2.92792792793 22.6800724231 765.582391845
2.93293293293 22.0486966998 762.61329884
2.93793793794 21.4380895207 759.632112809
2.94294294294 20.8475084141 756.639838376
2.94794794795 20.2762383052 753.637440541
2.95295295295 19.7235905462 750.625846117
2.95795795796 19.1889020195 747.605945067
2.96296296296 18.6715340709 744.578592015
2.96796796797 18.1708715617 741.544607612
2.97297297297 17.6863221324 738.504779666
2.97797797798 17.2173152216 735.459864526
2.98298298298 16.7633015543 732.410587929
2.98798798799 16.3237524761 729.357646013
2.99299299299 15.8981591977 726.301706423
2.997997998 15.4860317198 723.243409749
3.003003003 15.0868977842 720.183370935
3.00800800801 14.7003024636 717.122179968
3.01301301301 14.3258083051 714.060401936
3.01801801802 13.9629942255 710.998578472
3.02302302302 13.611454439 707.937229155
3.02802802803 13.2707980499 704.876852161
3.03303303303 12.9406488335 701.817924694
3.03803803804 12.6206445238 698.760903956
3.04304304304 12.3104361887 695.706228026
3.04804804805 12.0096877709 692.654316533
3.05305305305 11.7180756161 689.605571346
3.05805805806 11.435287993 686.560377265
3.06306306306 11.1610246372 683.519102673
3.06806806807 10.8949963165 680.482100168
3.07307307307 10.636924408 677.449707169
3.07807807808 10.3865404913 674.422246505
3.08308308308 10.1435859595 671.400026973
3.08808808809 9.90781164363 668.383343881
3.09309309309 9.67897746371 665.372479551
3.0980980981 9.45685207574 662.367703823
3.1031031031 9.24121251049 659.369274584
3.10810810811 9.03184389469 656.37743816
3.11311311311 8.82853913749 653.392429776
3.11811811812 8.63109859542 650.414474032
3.12312312312 8.43932982128 647.443785271
3.12812812813 8.25304729954 644.480567957
3.13313313313 8.07207215362 641.525017097
3.13813813814 7.89623189671 638.577318601
3.14314314314 7.72536021626 635.637649595
3.14814814815 7.55929672344 632.706178776
3.15315315315 7.39788670519 629.783066779
3.15815815816 7.24098094833 626.868466425
3.16316316316 7.08843552294 623.962523032
3.16816816817 6.94011155388 621.065374753
3.17317317317 6.79587505971 618.177152802
3.17817817818 6.65559677147 615.297981716
3.18318318318 6.51915193103 612.427979651
3.18818818819 6.38642013308 609.567258609
3.19319319319 6.2572851756 606.715924651
3.1981981982 6.13163488895 603.87407815
3.2032032032 6.00936097367 601.041814022
3.20820820821 5.89035888303 598.219221897
3.21321321321 5.77452767717 595.406386333
3.21821821822 5.66176988025 592.603387018
3.22322322322 5.55199134518 589.810298973
3.22822822823 5.44510114151 587.027192709
3.23323323323 5.34101142585 584.25413442
3.23823823824 5.23963734842 581.491186112
3.24324324324 5.14089694486 578.738405771
3.24824824825 5.04471100411 575.995847543
3.25325325325 4.95100297438 573.263561879
3.25825825826 4.85969888296 570.541595652
3.26326326326 4.77072723875 567.829992293
3.26826826827 4.68401892799 565.128791948
3.27327327327 4.59950713303 562.438031596
3.27827827828 4.51712725708 559.757745156
3.28328328328 4.43681684068 557.087963613
3.28828828829 4.35851548047 554.428715132
3.29329329329 4.28216475706 551.780025167
3.2982982983 4.20770816752 549.14191656
3.3033033033 4.13509105468 546.51440964
3.30830830831 4.06426053995 543.897522325
3.31331331331 3.99516546055 541.291270215
3.31831831832 3.92775631136 538.695666673
3.32332332332 3.86198518416 536.110722916
3.32832832833 3.79780571048 533.536448101
3.33333333333 3.73517300768 530.972849402
3.33833833834 3.67404362971 528.419932079
3.34334334334 3.6143755142 525.877699562
3.34834834835 3.5561279338 523.346153518
3.35335335335 3.49926145027 520.825293921
3.35835835836 3.44373787371 518.31511911
3.36336336336 3.38952021387 515.815625861
3.36836836837 3.3365726391 513.326809447
3.37337337337 3.28486043621 510.848663698
3.37837837838 3.2343499711 508.381181059
3.38338338338 3.18500865169 505.924352643
3.38838838839 3.1368049067 503.478168263
3.39339339339 3.08970813671 501.042616507
3.3983983984 3.04368868079 498.617684781
3.4034034034 2.99871778784 496.203359356
3.40840840841 2.9547675862 493.799625412
3.41341341341 2.91181105449 491.406467078
3.41841841842 2.86982198693 489.023867488
3.42342342342 2.82877497086 486.65180881
3.42842842843 2.78864536311 484.290272282
3.43343343343 2.74940926327 481.939238252
3.43843843844 2.71104349026 479.598686214
3.44344344344 2.67352556005 477.268594838
3.44844844845 2.63683365108 474.948942019
3.45345345345 2.60094658363 472.639704915
3.45845845846 2.56584380886 470.340859956
3.46346346346 2.53150538187 468.052382887
3.46846846847 2.4979119409 465.774248795
3.47347347347 2.46504469521 463.506432135
3.47847847848 2.43288540914 461.248906742
3.48348348348 2.40141637478 459.001645883
3.48848848849 2.37062040046 456.764622264
3.49349349349 2.34048079556 454.537808057
3.4984984985 2.31098134827 452.321174934
3.5035035035 2.28210630388 450.114694096
3.50850850851 2.2538403643 447.918336276
3.51351351351 2.2261686671 445.732071768
3.51851851852 2.19907677072 443.555870449
3.52352352352 2.17255064407 441.389701795
3.52852852853 2.14657665941 439.233534891
3.53353353353 2.12114156975 437.087338463
3.53853853854 2.09623250096 434.951080891
3.54354354354 2.0718369408 432.824730224
3.54854854855 2.04794272655 430.708254201
3.55355355355 2.02453803 428.601620267
3.55855855856 2.00161135329 426.504795587
3.56356356356 1.9791515167 424.417747054
3.56856856857 1.95714764857 422.340441315
3.57357357357 1.93558917604 420.272844772
3.57857857858 1.91446581666 418.214923607
3.58358358358 1.89376756853 416.166643785
3.58858858859 1.87348470209 414.127971073
3.59359359359 1.85360775192 412.09887105
3.5985985986 1.83412750877 410.079309117
3.6036036036 1.81503501161 408.06925051
3.60860860861 1.79632154051 406.068660309
3.61361361361 1.77797860943 404.07750345
3.61861861862 1.75999795923 402.095744734
3.62362362362 1.74237155098 400.123348836
3.62862862863 1.72509155881 398.160280316
3.63363363363 1.70815036422 396.206503627
3.63863863864 1.69154054991 394.261983124
3.64364364364 1.67525489381 392.326683073
3.64864864865 1.65928636334 390.400567657
3.65365365365 1.64362810998 388.483600985
3.65865865866 1.62827346388 386.5757471
3.66366366366 1.61321592867 384.676969984
3.66866866867 1.5984491765 382.78723357
3.67367367367 1.58396704319 380.906501742
3.67867867868 1.56976352284 379.034738348
3.68368368368 1.55583276407 377.171907203
3.68868868869 1.54216906567 375.317972095
3.69369369369 1.52876687228 373.47289679
3.6986986987 1.51562077023 371.636645039
3.7037037037 1.50272548371 369.809180584
3.70870870871 1.49007587098 367.99046716
3.71371371371 1.4776669203 366.180468503
3.71871871872 1.46549374344 364.379148362
3.72372372372 1.45355157617 362.586470492
3.72872872873 1.44183577412 360.802398662
3.73373373373 1.43034180901 359.026896661
3.73873873874 1.41906526559 357.259928302
3.74374374374 1.40800183849 355.501457424
3.74874874875 1.39714732939 353.751447898
3.75375375375 1.38649764351 352.00986363
3.75875875876 1.37604878503 350.276668568
3.76376376376 1.36579685758 348.551826703
3.76876876877 1.35573806056 346.835302068
3.77377377377 1.34586868637 345.127058749
3.77877877878 1.33618511802 343.427060881
3.78378378378 1.3266838267 341.735272657
3.78878878879 1.31736136955 340.051658327
3.79379379379 1.30821438655 338.376182203
3.7987987988 1.29923959764 336.708808663
3.8038038038 1.29043380277 335.04950215
3.80880880881 1.28179387891 333.398227176
3.81381381381 1.27331677795 331.754948326
3.81881881882 1.26499952483 330.119630257
3.82382382382 1.25683921562 328.492237703
3.82882882883 1.24883301576 326.872735476
3.83383383383 1.24097815738 325.261088469
3.83883883884 1.23327193789 323.657261659
3.84384384384 1.22571171917 322.061220106
3.84884884885 1.21829492542 320.472928956
3.85385385385 1.21101904158 318.892353443
3.85885885886 1.2038816118 317.319458893
3.86386386386 1.19688023798 315.754210719
3.86886886887 1.19001257831 314.19657443
3.87387387387 1.18327634505 312.646515629
3.87887887888 1.17666930384 311.104000016
3.88388388388 1.17018927267 309.568993387
3.88888888889 1.16383412027 308.041461636
3.89389389389 1.15760176488 306.521370759
3.8988988989 1.15149017303 305.00868685
3.9039039039 1.14549735837 303.503376109
3.90890890891 1.1396213805 302.005404836
3.91391391391 1.13386034316 300.514739436
3.91891891892 1.12821239395 299.031346423
3.92392392392 1.12267572321 297.555192414
3.92892892893 1.11724856285 296.086244134
3.93393393393 1.11192918536 294.624468417
3.93893893894 1.10671590283 293.169832204
3.94394394394 1.10160706604 291.722302548
3.94894894895 1.09660106345 290.281846612
3.95395395395 1.09169631988 288.848431671
3.95895895896 1.0868912963 287.42202511
3.96396396396 1.08218448881 286.002594428
3.96896896897 1.07757442774 284.590107239
3.97397397397 1.07305967689 283.184531268
3.97897897898 1.06863883277 281.785834355
3.98398398398 1.06431052379 280.393984455
3.98898898899 1.06007340946 279.008949639
3.99399399399 1.05592617943 277.630698095
3.998998999 1.05186755329 276.259198124
4.004004004 1.04789627968 274.894418146
4.00900900901 1.04401113564 273.536326697
4.01401401401 1.04021092596 272.184892432
4.01901901902 1.03649448256 270.840084121
4.02402402402 1.03286066389 269.501870655
4.02902902903 1.02930835414 268.170221039
4.03403403403 1.02583646268 266.845104402
4.03903903904 1.0224439238 265.526489987
4.04404404404 1.01912969601 264.214347159
4.04904904905 1.01589276153 262.908645399
4.05405405405 1.01273212574 261.60935431
4.05905905906 1.00964681672 260.316443614
4.06406406406 1.00663588474 259.029883149
4.06906906907 1.00369840185 257.749642877
4.07407407407 1.00083346098 256.475692878
4.07907907908 0.998040175487 255.208003351
4.08408408408 0.995317679399 253.946544617
4.08908908909 0.99266512661 252.691287114
4.09409409409 0.990081690472 251.442201402
4.0990990991 0.987566563391 250.19925816
4.1041041041 0.985118956433 248.962428186
4.10910910911 0.982738098943 247.7316824
4.11411411411 0.980423238176 246.506991838
4.11911911912 0.978173638744 245.288327661
4.12412412412 0.975988582227 244.075661144
4.12912912913 0.973867367184 242.868963687
4.13413413413 0.971809308636 241.668206804
4.13913913914 0.969813737733 240.473362134
4.14414414414 0.967880001434 239.28440143
4.14914914915 0.9660074622 238.101296568
4.15415415415 0.964195497695 236.92401954
4.15915915916 0.962443500493 235.75254246
4.16416416416 0.960750877612 234.586837557
4.16916916917 0.959117050182 233.426877182
4.17417417417 0.957541453542 232.272633803
4.17917917918 0.956023536782 231.124080005
4.18418418418 0.954562762482 229.981188494
4.18918918919 0.953158606461 228.84393209
4.19419419419 0.951810557525 227.712283734
4.1991991992 0.950518117231 226.586216481
4.2042042042 0.949280799657 225.465703506
4.20920920921 0.948098131067 224.350718099
4.21421421421 0.946969649661 223.241233669
4.21921921922 0.945894905567 222.137223738
4.22422422422 0.944873460523 221.038661948
4.22922922923 0.943904887665 219.945522054
4.23423423423 0.942988771332 218.857777928
4.23923923924 0.942124706867 217.775403557
4.24424424424 0.941312300427 216.698373042
4.24924924925 0.940551168801 215.626660601
4.25425425425 0.939840939146 214.560240566
4.25925925926 0.939181248774 213.499087382
4.26426426426 0.938571745166 212.443175609
4.26926926927 0.938012085712 211.39247992
4.27427427427 0.93750193754 210.346975102
4.27927927928 0.937040977366 209.306636055
4.28428428428 0.936628891329 208.271437792
4.28928928929 0.936265374846 207.241355437
4.29429429429 0.935950132464 206.216364227
4.2992992993 0.935682877659 205.196439512
4.3043043043 0.935463332673 204.181556751
4.30930930931 0.935291228502 203.171691516
4.31431431431 0.9351663047 202.16681949
4.31931931932 0.935088309248 201.166916464
4.32432432432 0.93505699843 200.171958341
4.32932932933 0.935072136703 199.181921135
4.33433433433 0.935133496586 198.196780966
4.33933933934 0.935240858538 197.216514066
4.34434434434 0.935394010805 196.241096774
4.34934934935 0.935592749288 195.27050554
4.35435435435 0.935836877533 194.304716917
4.35935935936 0.936126206576 193.343707571
4.36436436436 0.936460554837 192.387454273
4.36936936937 0.936839748029 191.4359339
4.37437437437 0.937263619049 190.489123436
4.37937937938 0.937732007895 189.546999973
4.38438438438 0.938244761565 188.609540707
4.38938938939 0.938801733946 187.676722939
4.39439439439 0.939402785702 186.748524078
4.3993993994 0.94004778427 185.824921634
4.4044044044 0.940736603735 184.905893225
4.40940940941 0.94146912475 183.991416569
4.41441441441 0.942245234462 183.081469492
4.41941941942 0.943064826432 182.176029919
4.42442442442 0.943927800563 181.275075881
4.42942942943 0.944834063027 180.378585509
4.43443443443 0.945783526161 179.486537039
4.43943943944 0.946776108383 178.598908806
4.44444444444 0.947811734222 177.715679248
4.44944944945 0.948890334202 176.836826903
4.45445445445 0.950011844786 175.96233041
4.45945945946 0.951176208309 175.092168508
4.46446446446 0.952383372927 174.226320036
4.46946946947 0.953633292559 173.364763933
4.47447447447 0.954925926834 172.507479234
4.47947947948 0.956261241039 171.654445078
4.48448448448 0.957639206073 170.805640697
4.48948948949 0.959059798396 169.961045424
4.49449449449 0.960522999894 169.120638688
4.4994994995 0.962028797681 168.284400016
4.5045045045 0.963577184456 167.452309033
4.50950950951 0.965168158285 166.624345457
4.51451451451 0.966801722549 165.800489105
4.51951951952 0.968477885905 164.980719887
4.52452452452 0.970196662243 164.165017811
4.52952952953 0.971958070652 163.353362978
4.53453453453 0.973762135383 162.545735583
4.53953953954 0.975608885817 161.742115917
4.54454454454 0.977498356431 160.942484362
4.54954954955 0.979430586766 160.146821395
4.55455455455 0.981405621357 159.355107586
4.55955955956 0.983423509529 158.567323597
4.56456456456 0.985484305699 157.783450182
4.56956956957 0.987588069232 157.003468188
4.57457457457 0.989734864401 156.227358552
4.57957957958 0.991924760352 155.455102301
4.58458458458 0.994157831089 154.686680556
4.58958958959 0.996434155443 153.922074524
4.59459459459 0.99875381706 153.161265505
4.5995995996 1.00111690437 152.404234887
4.6046046046 1.00352351057 151.650964148
4.60960960961 1.00597373363 150.901434853
4.61461461461 1.00846767622 150.155628658
4.61961961962 1.01100544556 149.413527304
4.62462462462 1.01358715366 148.675112622
4.62962962963 1.01621291722 147.940366528
4.63463463463 1.0188828576 147.209271028
4.63963963964 1.02159710081 146.481808211
4.64464464464 1.0243557775 145.757960253
4.64964964965 1.02715902292 145.037709418
4.65465465465 1.03000697697 144.321038053
4.65965965966 1.03289978414 143.607928589
4.66466466466 1.03583759351 142.898363545
4.66966966967 1.03882055876 142.192325521
4.67467467467 1.04184883815 141.489797203
4.67967967968 1.04492259441 140.790761359
4.68468468468 1.04804199489 140.095200841
4.68968968969 1.0512072115 139.403098584
4.69469469469 1.05441842071 138.714437605
4.6996996997 1.05767580358 138.029201002
4.7047047047 1.06097954568 137.347371956
4.70970970971 1.06432983715 136.66893373
4.71471471471 1.0677268727 135.993869666
4.71971971972 1.07117085156 135.322163188
4.72472472472 1.07466197754 134.653797799
4.72972972973 1.078200459 133.988757082
4.73473473473 1.08178650887 133.327024702
4.73973973974 1.08542034455 132.6685844
4.74474474474 1.08910218805 132.013419997
4.74974974975 1.09283226595 131.361515393
4.75475475475 1.09661080941 130.712854565
4.75975975976 1.10043805417 130.06742157
4.76476476476 1.10431424056 129.425200539
4.76976976977 1.10823961352 128.786175683
4.77477477477 1.11221442256 128.150331287
4.77977977978 1.11623892183 127.517651716
4.78478478478 1.12031337011 126.888121408
4.78978978979 1.12443803079 126.261724877
4.79479479479 1.12861317194 125.638446714
4.7997997998 1.13283906624 125.018271583
4.8048048048 1.13711599101 124.401184225
4.80980980981 1.14144422831 123.787169452
4.81481481481 1.14582406487 123.176212153
4.81981981982 1.15025579214 122.56829729
4.82482482482 1.15473970629 121.963409896
4.82982982983 1.15927610826 121.361535081
4.83483483483 1.16386530372 120.762658024
4.83983983984 1.16850760313 120.166763978
4.84484484484 1.17320332173 119.573838267
4.84984984985 1.1779527796 118.983866289
4.85485485485 1.18275630163 118.39683351
4.85985985986 1.18761421757 117.812725469
4.86486486486 1.192526862 117.231527776
4.86986986987 1.19749457442 116.65322611
4.87487487487 1.20251769927 116.07780622
4.87987987988 1.20759658589 115.505253926
4.88488488488 1.21273158861 114.935555117
4.88988988989 1.21792306672 114.36869575
4.89489489489 1.22317138455 113.804661852
4.8998998999 1.22847691142 113.243439517
4.9049049049 1.23384002177 112.685014909
4.90990990991 1.23926109506 112.129374257
4.91491491491 1.24474051593 111.576503861
4.91991991992 1.25027867409 111.026390085
4.92492492492 1.25587596444 110.479019361
4.92992992993 1.26153278708 109.934378189
4.93493493493 1.26724954734 109.392453132
4.93993993994 1.2730266558 108.853230823
4.94494494494 1.27886452833 108.316697956
4.94994994995 1.28476358611 107.782841295
4.95495495495 1.29072425568 107.251647664
4.95995995996 1.29674696897 106.723103957
4.96496496496 1.30283216329 106.197197127
4.96996996997 1.30898028144 105.673914196
4.97497497497 1.31519177168 105.153242247
4.97997997998 1.3214670878 104.635168426
4.98498498498 1.32780668908 104.119679945
4.98998998999 1.33421104046 103.606764076
4.99499499499 1.34068061246 103.096408155
5.0 1.34721588131 102.58859958
