0.0 20.0 20.0
0.0600600600601 22.2896356794 19.0746227382
0.12012012012 24.854682712 18.2185736793
0.18018018018 27.7286034593 17.4293569206
0.24024024024 30.948895101 16.7048388917
0.3003003003 34.5575575015 16.0432694615
0.36036036036 38.6016116524 15.4433119733
0.42042042042 43.1336672661 14.9040838446
0.48048048048 48.2125506633 14.4252125933
0.540540540541 53.9039827736 14.0069089128
0.600600600601 60.2813156634 13.6500643369
0.660660660661 67.4263231372 13.3563805994
0.720720720721 75.4300367212 13.1285411068
0.780780780781 84.3936160197 12.9704391804
0.840840840841 94.4292294723 12.887485444
0.900900900901 105.660913106 12.8870204939
0.960960960961 118.225347684 12.9788793243
1.02102102102 132.27246801 13.1761676456
1.08108108108 147.965771538 13.4963409177
1.14114114114 165.482118374 13.9627236925
1.2012012012 185.010706038 14.6066750062
1.26126126126 206.750730167 15.4707147903
1.32132132132 230.906971916 16.6130994569
1.38138138138 257.682122873 18.1146122614
1.44144144144 287.263968346 20.0887834601
1.5015015015 319.804461197 22.697469527
1.56156156156 355.385937089 26.1748928411
1.62162162162 393.966932058 30.8650737694
1.68168168168 435.295776384 37.2803547464
1.74174174174 478.774036418 46.1924752642
1.8018018018 523.244781149 58.7713646611
1.86186186186 566.677446264 76.7858070039
1.92192192192 605.738501108 102.859604887
1.98198198198 635.318952855 140.699926677
2.04204204204 648.318855418 195.015911064
2.1021021021 636.420209964 270.501473626
2.16216216216 592.898181286 369.095356661
2.22222222222 517.515634027 485.847604978
2.28228228228 420.22607373 606.760211399
2.34234234234 318.42418538 713.126202067
2.4024024024 228.210592949 790.673608279
2.46246246246 157.675197175 835.190838892
2.52252252252 107.027529742 850.795764359
2.58258258258 72.4635224048 844.990038882
2.64264264264 49.4591734669 825.016531248
2.7027027027 34.2614263839 796.454971938
2.76276276276 24.1824068186 763.151788745
2.82282282282 17.4267150175 727.605903261
2.88288288288 12.8326831299 691.387083812
2.94294294294 9.65705591659 655.459355702
3.003003003 7.4240235726 620.401842644
3.06306306306 5.82674761976 586.551519332
3.12312312312 4.66512998563 554.093339087
3.18318318318 3.80693578886 523.116717084
3.24324324324 3.16351819368 493.650977449
3.3033033033 2.67457300232 465.687734937
3.36336336336 2.298474886 439.195144458
3.42342342342 2.0060808643 414.127056176
3.48348348348 1.7767073085 390.428947457
3.54354354354 1.5954838539 368.04179374
3.6036036036 1.45159009174 346.904606051
3.66366366366 1.33706523164 326.956096209
3.72372372372 1.24599436544 308.135765103
3.78378378378 1.17394542307 290.384605562
3.84384384384 1.11757503143 273.645545595
3.9039039039 1.07434963546 257.863715374
3.96396396396 1.04234617871 242.986594034
4.02402402402 1.02010836587 228.964074293
4.08408408408 1.00654220648 215.748470931
4.14414414414 1.00083966454 203.294491093
4.2042042042 1.00242261477 191.559179027
4.26426426426 1.01090171143 180.501843958
4.32432432432 1.0260463109 170.083977355
4.38438438438 1.04776273102 160.269163935
4.44444444444 1.0760788943 151.022989534
4.5045045045 1.11113396038 142.312948021
4.56456456456 1.15317194186 134.108348814
4.62462462462 1.2025386044 126.380226046
4.68468468468 1.25968111366 119.101250186
4.74474474474 1.32515011903 112.245642537
4.8048048048 1.39960402893 105.789092971
4.86486486486 1.48381535003 99.7086810775
4.92492492492 1.57867903421 93.9828008176
4.98498498498 1.6852228388 88.591088706
5.04504504505 1.8046197584 83.514355499
5.10510510511 1.93820263592 78.7345213245
5.16516516517 2.08748110264 74.2345541708
5.22522522523 2.25416104037 69.9984116373
5.28528528529 2.44016680832 66.0109858066
5.34534534535 2.64766649585 62.258051199
5.40540540541 2.87910055173 58.7262155662
5.46546546547 3.13721414047 55.4028735479
5.52552552553 3.42509366763 52.2761629374
5.58558558559 3.74620794938 49.3349235561
5.64564564565 4.10445457936 46.568658558
5.70570570571 4.50421208755 43.9674980996
5.76576576577 4.95039862984 41.5221652761
5.82582582583 5.44853790152 39.2239442306
5.88588588589 6.00483325835 37.0646503881
5.94594594595 6.62625087448 35.0366027249
6.00600600601 7.32061316666 33.1325980548
6.06606606607 8.09670356675 31.3458872808
6.12612612613 8.96438406077 29.6701536089
6.18618618619 9.93472697411 28.0994927342
6.24624624625 11.0201626744 26.6283950327
6.30630630631 12.2346448943 25.2517298025
6.36636636637 13.5938359215 23.9647316976
6.42642642643 15.1153137043 22.7629894655
6.48648648649 16.8188033408 21.6424372075
6.54654654655 18.7264356298 20.599348444
6.60660660661 20.8630355259 19.6303333396
6.66666666667 23.2564436391 18.7323396002
6.72672672673 25.9378739553 17.9026576675
6.78678678679 28.9423113073 17.1389310419
6.84684684685 32.3089521004 16.4391728811
6.90690690691 36.0816917796 15.8017903203
6.96696696697 40.3096625129 15.2256183915
7.02702702703 45.0478239163 14.7099662457
7.08708708709 50.357609164 14.2546790269
7.14714714715 56.3076275056 13.8602200553
7.20720720721 62.9744221651 13.527779691
7.26726726727 70.4432791592 13.259419749
7.32732732733 78.8090787877 13.0582651953
7.38738738739 88.1771743804 12.9287596604
7.44744744745 98.6642674451 12.8770111125
7.50750750751 110.399244943 12.9112565255
7.56756756757 123.523902044 13.0425012796
7.62762762763 138.193453937 13.2853998775
7.68768768769 154.576675558 13.6594881562
7.74774774775 172.855424006 14.1909250762
7.80780780781 193.223173007 14.914987509
7.86786786787 215.881970531 15.8796930669
7.92792792793 241.036928381 17.1511279475
7.98798798799 268.886810067 18.8214002578
8.04804804805 299.608482911 21.02066985
8.10810810811 333.331662888 23.93557813
8.16816816817 370.09826185 27.837800097
8.22822822823 409.797330907 33.1286047728
8.28828828829 452.061599392 40.4084943681
8.34834834835 496.104906644 50.5849661765
8.40840840841 540.473256004 65.0342142044
8.46846846847 582.683999087 85.8266328763
8.52852852853 618.762906826 115.989490657
8.58858858859 642.816636867 159.66438412
8.64864864865 647.088078449 221.755620688
8.70870870871 623.407423602 306.316903247
8.76876876877 566.948636714 413.093079688
8.82882882883 481.269449272 533.572549602
8.88888888889 380.004236032 650.994505124
8.94894894895 281.174881972 747.295091378
9.00900900901 198.183241235 811.888936724
9.06906906907 135.701106906 844.334335709
9.12912912913 91.8776302901 850.648094767
9.18918918919 62.3383629494 838.529571428
9.24924924925 42.7683666778 814.641365129
9.30930930931 29.8337160963 783.855368153
9.36936936937 21.2252176689 749.439037543
9.42942942943 15.4244732492 713.483070639
9.48948948949 11.4551339041 677.288346048
9.54954954955 8.69304393662 641.64728017
9.60960960961 6.73773835359 607.030886958
9.66966966967 5.32992586115 573.708272554
9.72972972973 4.29966647452 541.821755367
9.78978978979 3.53403490961 511.433933319
9.84984984985 2.95689547855 482.557280063
9.90990990991 2.51615822616 455.172889812
9.96996996997 2.17566582833 429.24245399
10.03003003 1.90996666152 404.715982195
10.0900900901 1.70090404695 381.536820011
10.1501501502 1.53536143641 359.644930292
10.2102102102 1.40375216525 338.97904617
10.2702702703 1.29899488833 319.478082667
10.3303303303 1.2158097907 301.082056035
10.3903903904 1.15022938294 283.732673047
10.4504504505 1.09925457855 267.373697268
10.5105105105 1.0606103642 251.951163615
10.5705705706 1.03257053294 237.413489327
10.6306306306 1.01383090542 223.711514061
10.6906906907 1.00341694323 210.798491704
10.7507507508 1.0006161058 198.630049429
10.8108108108 1.00492817683 187.164124966
10.8708708709 1.01602883218 176.360889716
10.9309309309 1.0337430937 166.182663127
10.990990991 1.05802627528 156.593822171
11.0510510511 1.08895072021 147.560708609
11.1111111111 1.12669708849 139.051535992
11.1711711712 1.17154932349 131.036297717
11.2312312312 1.22389267415 123.48667708
11.2912912913 1.28421433172 116.375959963
11.3513513514 1.35310638793 109.678950572
11.4114114114 1.43127092723 103.371890484
11.4714714715 1.51952715289 97.4323811641
11.5315315315 1.61882051617 91.8393099913
11.5915915916 1.73023387368 86.5727798206
11.6516516517 1.85500076025 81.6140420107
11.7117117117 1.99452088253 76.9454328914
11.7717717718 2.15037802482 72.5503135229
11.8318318318 2.3243605509 68.4130126992
11.8918918919 2.51848478308 64.5187730247
11.951951952 2.73502153125 60.8536999875
12.012012012 2.97652612812 57.4047138974
12.0720720721 3.24587236167 54.1595045592
12.1321321321 3.54629074986 51.1064885821
12.1921921922 3.88141167276 48.2347692098
12.2522522523 4.25531392198 45.5340985613
12.3123123123 4.67257932133 42.994842195
12.3723723724 5.13835414281 40.6079459038
12.4324324324 5.65841811353 38.364904661
12.4924924925 6.2392619373 36.2577336541
12.5525525526 6.88817434052 34.2789413492
12.6126126126 7.61333975291 32.4215045431
12.6726726727 8.4239479212 30.678845386
12.7327327327 9.33031681351 29.0448103611
12.7927927928 10.3440303896 27.5136512438
12.8528528529 11.4780929804 26.0800080898
12.9129129129 12.7471021232 24.738894318
12.972972973 14.1674420067 23.4856840173
13.033033033 15.7574998065 22.3161016491
13.0930930931 17.5379074015 21.2262143554
13.1531531532 19.5318112655 20.2124272149
13.2132132132 21.7651734287 19.2714818414
13.2732732733 24.2671067118 18.4004588425
13.3333333333 27.0702475659 17.5967849476
13.3933933934 30.2111699886 16.8582456131
13.4534534535 33.7308441 16.1830044034
13.5135135135 37.6751428161 15.5696308498
13.5735735736 42.0953998847 15.0171388197
13.6336336336 47.0490220994 14.5250383211
13.6936936937 52.6001573812 14.0934047055
13.7537537538 58.8204190338 13.7229704787
13.8138138138 65.7896644004 13.415246734
13.8738738739 73.5968218922 13.1726842753
13.9339339339 82.3407547443 12.9988883513
13.993993994 92.1311437521 12.8989051532
14.0540540541 103.089351488 12.8796106474
14.1141141141 115.349227882 12.9502343168
14.1741741742 129.057761319 13.1230855895
14.2342342342 144.375472035 13.4145533574
14.2942942943 161.476342896 13.8465171213
14.3543543544 180.547011684 14.4483461337
14.4144144144 201.784772787 15.2597816861
14.4744744745 225.393702876 16.3351410858
14.5345345345 251.577832955 17.7495371722
14.5945945946 280.529666402 19.6082121029
14.6546546547 312.411363174 22.0607249888
14.7147147147 347.324300943 25.322792005
14.7747747748 385.260203195 29.7102342767
14.8348348348 426.023089285 35.6920423018
14.8948948949 469.105613329 43.9731221378
14.954954955 513.496262487 55.6212285471
15.015015015 557.388998647 72.2533725044
15.0750750751 597.777319544 96.282908474
15.1351351351 629.976656984 131.168681971
15.1951951952 647.30756771 181.441703551
15.2552552553 641.564307767 251.964527971
15.3153153153 605.304633856 345.612298204
15.3753753754 536.424807582 459.280109414
15.4354354354 442.594653996 580.849257874
15.4954954955 340.212277062 691.918582061
15.5555555556 246.443323832 776.51270611
15.6156156156 171.353386325 828.134836067
15.6756756757 116.594915058 849.480985182
15.7357357357 78.9014664736 847.705361496
15.7957957958 53.7207762671 830.295843457
15.8558558559 37.0774163589 803.232444125
15.9159159159 26.056791585 770.715018212
15.975975976 18.6901720687 735.49993084
16.036036036 13.6976218647 699.329131113
16.0960960961 10.2592165584 663.277290776
16.1561561562 7.850502226 627.993415915
16.2162162162 6.13395177001 593.85836914
16.2762762763 4.8900433131 561.084662456
16.3363363363 3.97414470399 529.779040932
16.3963963964 3.28960654833 499.981726214
16.4564564565 2.77089214738 471.691155221
16.5165165165 2.37290754309 444.879700661
16.5765765766 2.06417805646 419.503750856
16.6366366366 1.8224305207 395.510229447
16.6966966967 1.63169588519 372.840843928
16.7567567568 1.48038398295 351.434868616
16.8168168168 1.3599874919 331.230971251
16.8768768769 1.26419837601 312.168408462
16.9369369369 1.18829807374 294.187800571
16.996996997 1.12873175111 277.231623356
17.0570570571 1.08280769908 261.24450813
17.1171171171 1.04848295879 246.173411119
17.1771771772 1.0242090018 231.967693541
17.2372372372 1.00881978157 218.579140596
17.2972972973 1.00144997107 205.961938932
17.3573573574 1.00147500905 194.072626107
17.4174174174 1.00846707266 182.870021563
17.4774774775 1.02216284459 172.31514578
17.5375375375 1.04244012116 162.371132378
17.5975975976 1.06930120875 153.003136424
17.6576576577 1.10286155118 144.178241429
17.7177177177 1.14334254685 135.865366606
17.7777777778 1.19106777038 128.035175628
17.8378378378 1.2464620583 120.659987636
17.8978978979 1.31005308261 113.713691082
17.957957958 1.38247515479 107.171660738
18.018018018 1.46447512012 101.010678088
18.0780780781 1.55692027034 95.2088551964
18.1381381381 1.66080825615 89.7455621298
18.1981981982 1.77727905822 84.6013578733
18.2582582583 1.90762910957 79.7579247149
18.3183183183 2.0533277089 75.1980060068
18.3783783784 2.21603591218 70.9053472056
18.4384384384 2.39762812755 66.8646400852
18.4984984985 2.60021669639 63.0614700019
18.5585585586 2.82617971216 59.4822661023
18.6186186186 3.07819254487 56.1142543424
18.6786786787 3.35926344186 52.9454131886
18.7387387387 3.67277359467 49.9644319484
18.7987987988 4.02252236528 47.1606715283
18.8588588589 4.41277805824 44.524127622
18.9189189189 4.84833513954 42.0453961237
18.978978979 5.33457851186 39.7156407998
19.039039039 5.87755572724 37.5265630373
19.0990990991 6.48405811065 35.4703736863
19.1591591592 7.16171180792 33.5397669008
19.2192192192 7.91907995963 31.7278959598
19.2792792793 8.76577735134 30.0283510592
19.3393393393 9.71259889474 28.4351390536
19.3993993994 10.7716637179 26.9426652113
19.4594594595 11.9565764229 25.5457169877
19.5195195195 13.2826078276 24.23944999
19.5795795796 14.7668969922 23.019376179
19.6396396396 16.4286771025 21.8813545415
19.6996996997 18.2895279501 20.8215845411
19.7597597598 20.3736575312 19.8366026014
19.8198198198 22.7082160132 18.9232821404
19.8798798799 25.323645229 18.0788377643
19.9399399399 28.2540671457 17.3008343935
20.0 31.5377148082 16.5872023595
20.0600600601 35.2174092557 15.9362598738
20.1201201201 39.3410858862 15.346744696
20.1801801802 43.9623733719 14.8178573503
20.2402402402 49.1412275645 14.3493191817
20.3003003003 54.9446214797 13.9414497235
20.3603603604 61.4472912589 13.5952690537
20.4204204204 68.7325347199 13.3126333145
20.4804804805 76.8930543397 13.0964149733
20.5405405405 86.0318311261 12.9507429804
20.6006006006 96.2630058514 12.8813247898
20.6606606607 107.712725882 12.8958835936
20.7207207207 120.519904218 13.0047514743
20.7807807808 134.83678517 13.2216924773
20.8408408408 150.829185935 13.5650433955
20.9009009009 168.676179435 14.0593288935
20.960960961 188.568885972 14.7375634435
21.021021021 210.707843136 15.6445856556
21.0810810811 235.298132106 16.8419493775
21.1411411411 262.540981136 18.4151989707
21.2012012012 292.61981184 20.4848427532
21.2612612613 325.677508748 23.2231214116
21.3213213213 361.779776356 26.8799257341
21.3813813814 400.856426655 31.8231990276
21.4414414414 442.607856274 38.6021047715
21.5015015015 486.357582342 48.0451171673
21.5615615616 530.824740551 61.40859203
21.6216216216 573.78907688 80.5885035233
21.6816816817 611.645260901 108.381303355
21.7417417417 638.943590331 148.687248972
21.8018018018 648.27766789 206.323793443
21.8618618619 631.333158103 285.762895548
21.9219219219 582.116730968 388.065272649
21.981981982 501.991947823 506.750349874
22.042042042 402.60813093 626.497343482
22.1021021021 301.820601748 728.693524081
22.1621621622 214.655702907 800.600426711
22.2222222222 147.673912101 839.72083972
22.2822822823 100.100069795 851.10404203
22.3423423423 67.8239400686 842.39839301
22.4024024024 46.3920074293 820.610667633
22.4624624625 32.2329781342 791.007795146
22.5225225225 22.8293384012 757.174168319
22.5825825826 16.5120470495 721.422036374
22.6426426426 12.2044984862 685.197616139
22.7027027027 9.21825122261 649.38591244
22.7627627628 7.1122003666 614.516230548
22.8228228228 5.60140381102 580.894268082
22.8828828829 4.49964071107 548.685333209
22.9429429429 3.68355132886 517.966485196
23.003003003 3.07023149025 488.759281971
23.0630630631 2.60314205462 461.050484129
23.1231231231 2.24316027178 434.805257233
23.1831831832 1.96283012225 409.975666593
23.2432432432 1.74262109654 386.506188912
23.3033033033 1.56846199504 364.337312345
23.3633633634 1.43009379849 343.407897637
23.4234234234 1.31995532845 323.65672713
23.4834834835 1.23241987313 305.023515698
23.5435435435 1.16326588271 287.449561698
23.6036036036 1.10930577967 270.878155017
23.6636636637 1.06812283691 255.25482011
23.7237237237 1.03788281095 240.527446443
23.7837837838 1.01719792883 226.6463419
23.8438438438 1.0050279105 213.564233649
23.9039039039 1.0006075678 201.236233311
23.963963964 1.00339365378 189.619778248
24.024024024 1.01302585641 178.674557256
24.0840840841 1.02929831626 168.362426487
24.1441441441 1.05213909799 158.647319727
24.2042042042 1.0815957751 149.495155965
24.2642642643 1.11782580958 140.873746315
24.3243243243 1.16109076915 132.75270175
24.3843843844 1.21175372445 125.103342657
24.4444444444 1.27027934172 117.898610897
24.5045045045 1.33723635164 111.112984856
24.5645645646 1.41330218486 104.722397745
24.6246246246 1.49926965713 98.7041593476
24.6846846847 1.59605565884 93.0368812794
24.7447447447 1.70471186291 87.7004057722
24.8048048048 1.82643752388 82.6757379514
24.8648648649 1.96259447396 77.9449815515
24.9249249249 2.11472448152 73.4912779658
24.984984985 2.28456916334 69.2987485511
25.045045045 2.47409271153 65.3524400317
25.1051051051 2.68550770171 61.638272935
25.1651651652 2.92130432935 58.1429929073
25.2252252252 3.18428345024 54.8541247966
25.2852852853 3.47759386306 51.7599293967
25.3453453453 3.80477432986 48.8493627317
25.4054054054 4.16980088358 46.1120377769
25.4654654655 4.57714006205 43.5381885228
25.5255255255 5.03180876565 41.1186362866
25.5855855856 5.53944152475 38.8447581933
25.6456456456 6.106366077 36.7084577575
25.7057057057 6.7396882268 34.7021375055
25.7657657658 7.44738709347 32.8186735952
25.8258258258 8.23842199879 31.051392408
25.8858858859 9.12285232087 29.3940490976
25.9459459459 10.1119718724 27.8408081135
26.006006006 11.2184594809 26.3862257392
26.0660660661 12.456547598 25.0252347046
26.1261261261 13.8422110496 23.7531309969
26.1861861862 15.3933781346 22.5655630178
26.2462462462 17.1301665514 21.4585232942
26.3063063063 19.0751468768 20.4283430656
26.3663663664 21.2536364388 19.4716900976
26.4264264264 23.6940267675 18.5855702444
26.4864864865 26.4281478895 17.7673334864
26.5465465465 29.4916729407 17.0146852336
26.6066066066 32.9245666502 16.3257040926
26.6666666667 36.7715811647 15.6988677252
26.7267267267 41.0828025844 15.1330886712
26.7867867868 45.9142511225 14.6277629055
26.8468468468 51.3285367715 14.1828348902
26.9069069069 57.3955713888 13.7988838374
26.966966967 64.1933358465 13.477237868
27.027027027 71.8086969382 13.2201255752
27.0870870871 80.3382645675 13.0308774818
27.1471471471 89.8892729652 12.9141945507
27.2072072072 100.580451519 12.8765123542
27.2672672673 112.542849998 12.926490324
27.3273273273 125.920531448 13.075688252
27.3873873874 140.871035778 13.3394965081
27.4474474474 157.565432361 13.7384440667
27.5075075075 176.187705109 14.3000477643
27.5675675676 196.933065439 15.0614700252
27.6276276276 220.004564462 16.0733832406
27.6876876877 245.607028993 17.4056735412
27.7477477477 273.936792877 19.1559663692
27.8078078078 305.164784507 21.4625573414
27.8678678679 339.409114477 24.5242624865
27.9279279279 376.691000243 28.6312171953
27.987987988 416.864294487 34.2129825773
28.048048048 459.503582342 41.913671055
28.1081081081 503.728896155 52.7078037557
28.1681681682 547.939091051 68.0726762897
28.2282282282 589.430954867 90.2239410304
28.2882882883 623.926790041 122.375459152
28.3483483483 645.185797672 168.848046445
28.4084084084 645.221346049 234.563076857
28.4684684685 616.102220427 323.130468834
28.5285285285 554.095929856 433.121823762
28.5885885886 464.548090943 554.424830426
28.6486486486 362.444424273 669.398881234
28.7087087087 265.607450979 760.730493037
28.7687687688 186.026457486 819.607783391
28.8288288288 126.985771952 847.055032055
28.8888888889 85.9375434572 849.675635192
28.9489489489 58.3881544088 835.117895965
29.009009009 40.1598375712 809.752902329
29.0690690691 28.1040910538 778.151961335
29.1291291291 20.065944722 743.35004985
29.1891891892 14.6361114883 707.278012379
29.2492492492 10.9101407641 671.132674644
29.3093093093 8.30978714436 635.640387589
29.3693693694 6.46357735956 601.230616853
29.4294294294 5.13053062169 568.146387726
29.4894894895 4.15234788457 536.513627615
29.5495495495 3.423581123 506.384623679
29.6096096096 2.87295717623 477.7653779
29.6696696697 2.45159101072 450.632957342
29.7297297297 2.12546732198 424.946596931
29.7897897898 1.87058618881 400.654867827
29.8498498498 1.66978872092 377.70034134
29.9099099099 1.51065353705 356.022641666
29.96996997 1.3840848589 335.560449151
30.03003003 1.28335256697 316.252812905
30.0900900901 1.20343140009 298.040004032
30.1501501502 1.14054076652 280.864060313
30.2102102102 1.09182060331 264.669122221
30.2702702703 1.05510070141 249.401626851
30.3303303303 1.02873497585 235.01040478
30.3903903904 1.01148142645 221.446710533
30.4504504505 1.00241458362 208.664207816
30.5105105105 1.00086135136 196.618924189
30.5705705706 1.00635388858 185.269185439
30.6306306306 1.01859508608 174.575536856
30.6906906907 1.03743343788 164.500656553
30.7507507508 1.06284509089 155.009264385
30.8108108108 1.0949214321 146.068029062
30.8708708709 1.13386106356 137.645475238
30.9309309309 1.17996533084 129.711891855
30.990990991 1.23363681832 122.239242612
31.0510510511 1.29538040066 115.201079142
31.1111111111 1.36580657514 108.572457313
31.1711711712 1.44563691383 102.329856847
31.2312312312 1.53571152602 96.451104443
31.2912912913 1.63699853145 90.9153004143
31.3513513514 1.75060557666 85.7027488372
31.4114114114 1.8777934736 80.7948911841
31.4714714715 2.01999209643 76.1742433509
31.5315315315 2.17881871232 71.824335989
31.5915915916 2.35609896236 67.7296580309
31.6516516517 2.55389075198 63.8756032982
31.7117117117 2.77451135641 60.248420071
31.7717717718 3.02056809361 56.8351634997
31.8318318318 3.29499296634 53.6236507413
31.8918918919 3.60108173134 50.6024187065
31.951951952 3.94253791368 47.7606843078
32.012012012 4.32352235155 45.0883071075
32.0720720721 4.74870892674 42.5757542685
32.1321321321 5.22334720726 40.2140677201
32.1921921922 5.75333286446 37.9948334707
32.2522522523 6.34528673834 35.9101529892
32.3123123123 7.00664361467 33.952616612
32.3723723724 7.74575187622 32.115278937
32.4324324324 8.57198525677 30.3916361753
32.4924924925 9.49586820329 28.775605473
32.5525525526 10.5292163543 27.2615062127
32.6126126126 11.6852939173 25.8440433477
32.6726726727 12.9789899159 24.5182928664
32.7327327327 14.4270153472 23.2796894865
32.7927927928 16.048123696 22.1240167862
32.8528528529 17.8633572765 21.0474000037
32.9129129129 19.8963222025 20.0463018046
32.972972973 22.1734950192 19.1175215354
33.033033033 24.7245641118 18.25819842
33.0930930931 27.5828093171 17.4658194951
33.1531531532 30.7855232561 16.7382333498
33.2132132132 34.374477869 16.0736708194
33.2732732733 38.3964396997 15.4707744122
33.3333333333 42.9037370082 14.9286388047
33.3933933934 47.9548813936 14.4468653429
33.4534534535 53.615245628 14.0256346164
33.5135135135 59.9577974711 13.6658027679
33.5735735736 67.0638868825 13.3690290889
33.6336336336 75.0240805329 13.137945079
33.6936936937 83.93903102 12.9763795945
33.7537537538 93.9203574297 12.8896617013
33.8138138138 105.091506122 12.8850279126
33.8738738739 117.588534624 12.9721772633
33.9339339339 131.560729625 13.1640367721
33.993993994 147.170936586 13.4778217159
34.0540540541 164.595387851 13.9365315025
34.1141141141 184.022728509 14.5710763097
34.1741741742 205.651753949 15.4233488096
34.2342342342 229.687120865 16.5507146296
34.2942942943 256.331862896 18.0326742523
34.3543543544 285.774881959 19.9808789031
34.4144144144 318.170500235 22.5543944712
34.4744744745 353.605438805 25.9832396777
34.5345345345 392.045847557 30.605022633
34.5945945946 433.252801698 36.9222225296
34.6546546547 476.648673764 45.6913752014
34.7147147147 521.109669493 58.0592040824
34.7747747748 564.656209027 75.76014675
34.8348348348 604.028523445 101.370791994
34.8948948949 634.21200108 138.543788252
34.954954955 648.196683222 191.952584091
35.015015015 637.678717929 266.338578901
35.0750750751 595.75531064 363.863758787
35.1351351351 521.761096067 479.995321792
35.1951951952 425.156811361 601.132110405
35.2552552553 323.156660419 708.59369106
35.3153153153 232.126799018 787.706984419
35.3753753754 160.590881267 833.765801999
35.4354354354 109.057722861 850.598135009
35.4954954955 73.8266087467 845.645538193
35.5555555556 50.3608700746 826.210716789
35.6156156156 34.857446529 797.961466377
35.6756756757 24.5794976928 764.820063105
35.7357357357 17.6947174918 729.340106154
35.7957957958 13.0164150325 693.127754008
35.8558558559 9.78515932174 657.170364667
35.9159159159 7.51488802735 622.061785623
35.975975976 5.89229468394 588.148236843
36.036036036 4.71318515891 555.620477688
36.0960960961 3.84270798457 524.571574673
36.1561561562 3.19052518755 495.033148063
36.2162162162 2.69522581165 466.998248644
36.2762762763 2.31444987391 440.435917846
36.3363363363 2.01855993082 415.300537553
36.3963963964 1.78653486758 391.537886049
36.4564564565 1.60327077499 369.089088652
36.5165165165 1.45778341768 347.893207146
36.5765765766 1.34199556148 327.888939106
36.6366366366 1.24990844831 309.015728889
36.6966966967 1.17702882942 291.214485769
36.7567567568 1.11996812065 274.428037456
36.8168168168 1.07615891596 258.601404096
36.8768768769 1.04365246649 243.681949869
36.9369369369 1.02097269181 229.61945088
36.996996997 1.00701011706 216.366105891
37.0570570571 1.00094437325 203.876508128
37.1171171171 1.00218732405 192.107591013
37.1771771772 1.01034131057 181.018556701
37.2372372372 1.02516861535 170.570793736
37.2972972973 1.04656936986 160.727788281
37.3573573574 1.07456592125 151.45503209
37.4174174174 1.10929225372 142.719929422
37.4774774775 1.15098743702 134.491704492
37.5375375375 1.19999237002 126.741310559
37.5975975976 1.25674931462 119.441341397
37.6576576577 1.3218038646 112.565945652
37.7177177177 1.39580911914 106.090744419
37.7777777778 1.4795319286 99.9927522172
37.8378378378 1.57386113362 94.2503014896
37.8978978979 1.67981784037 88.8429705985
37.957957958 1.79856774552 83.7515153532
38.018018018 1.93143563904 78.9578039774
38.0780780781 2.0799222288 74.4447554356
38.1381381381 2.24572347947 70.1962810261
38.1981981982 2.4307526933 66.197229126
38.2582582583 2.63716561745 62.4333329682
38.3183183183 2.86738889684 58.8911613346
38.3783783784 3.12415225347 55.558072045
38.4384384384 3.4105247998 52.4221681275
38.4984984985 3.72995590913 49.4722565524
38.5585585586 4.0863214388 46.6978094296
38.6186186186 4.4839755083 44.0889275655
38.6786786787 4.92780889402 41.6363062928
38.7387387387 5.42331456767 39.331203481
38.7987987988 5.97666136782 37.1654096563
38.8588588589 6.59477675989 35.1312201921
38.9189189189 7.2854396872 33.2214094856
38.978978979 8.05738480868 31.4292071221
39.039039039 8.92041937213 29.7482759934
39.0990990991 9.88555427735 28.1726923859
39.1591591592 10.9651509567 26.6969280749
39.2192192192 12.1730858442 25.3158344681
39.2792792793 13.5249345627 24.0246289362
39.3393393393 15.0381778434 22.8188834107
39.3993993994 16.7324319011 21.6945155586
39.4594594595 18.6297055485 20.6477826758
39.5195195195 20.7546871326 19.6752787427
39.5795795796 23.1350644163 18.7739351623
39.6396396396 25.8018804592 17.9410257068
39.6996996997 28.7899291048 17.1741765786
39.7597597598 32.1381935258 16.4713826756
39.8198198198 35.8903313913 15.8310314999
39.8798798799 40.0952100342 15.2519365811
39.9399399399 44.8074946155 14.7333829863
40.0 50.0882914887 14.2751883992
40.0600600601 56.0058480063 13.8777841895
40.1201201201 62.6363079159 13.5423227527
40.1801801802 70.0645177439 13.2708200762
40.2402402402 78.3848766191 13.0663447543
40.3003003003 87.70221408 12.9332700255
40.3603603604 98.1326664793 12.8776143232
40.4204204204 109.80451714 12.9074993085
40.4804804805 122.858926843 13.0337793495
40.5405405405 137.450458841 13.2709086911
40.6006006006 153.747241012 13.6381532854
40.6606606607 171.930525443 14.1613039659
40.7207207207 192.193280479 14.8751279305
40.7807807808 214.737245149 15.8269239836
40.8408408408 239.767559828 17.0817540963
40.9009009009 267.483588764 18.7302401459
40.960960961 298.063733868 20.9003539136
41.021021021 331.640756641 23.775467798
41.0810810811 368.262037176 27.6223075139
41.1411411411 407.825966361 32.8345635008
41.2012012012 449.980743528 40.0010603417
41.2612612613 493.965234183 50.011329796
41.3213213213 538.364841683 64.2143812955
41.3813813814 580.756364743 84.6412456918
41.4414414414 617.248409959 114.267730031
41.5015015015 642.045286354 157.183409414
41.5615615616 647.461927509 218.27927287
41.6216216216 625.28215749 301.714566747
41.6816816817 570.401540497 407.540927431
41.7417417417 485.885498846 527.696019553
41.8018018018 384.95516686 645.706751152
41.8618618619 285.636825681 743.348398042
41.9219219219 201.708709735 809.549466047
41.981981982 138.247404257 843.433410265
42.042042042 93.6201512554 850.826104814
42.1021021021 63.4990955283 839.427672714
42.1621621622 43.5349517632 815.979425542
42.2222222222 30.3415875884 785.439053815
42.2822822823 21.565142358 751.141675322
42.3423423423 15.6552476696 715.224921206
42.4024024024 11.6143763973 679.020347093
42.4624624625 8.80482000611 643.339881298
42.5225225225 6.81755058388 608.666815358
42.5825825826 5.38787082575 575.277962334
42.6426426426 4.34240702981 543.320483433
42.7027027027 3.56603111826 512.860022906
42.7627627628 2.98117690753 483.910967467
42.8228228228 2.53481299352 456.455603438
42.8828828829 2.19015380637 430.456351557
42.9429429429 1.92132253936 405.863651112
43.003003003 1.70987074755 382.621081924
43.0630630631 1.54247889467 360.668712992
43.1231231231 1.40941720052 339.945299491
43.1831831832 1.30350205692 320.389723498
43.2432432432 1.21937963556 301.941932709
43.3033033033 1.15302817975 284.54354281
43.3633633634 1.10140829383 268.138212606
43.4234234234 1.06221463073 252.671864611
43.4834834835 1.03369782757 238.092800167
43.5435435435 1.0145357593 224.35174237
43.6036036036 1.00373975598 211.401829783
43.6636636637 1.00058594002 199.198576798
43.7237237237 1.00456481309 187.69981175
43.7837837838 1.01534426848 176.865600581
43.8438438438 1.0327426413 166.658161523
43.9039039039 1.05670932802 157.041774757
43.963963964 1.0873112776 147.982689735
44.024024024 1.12472408372 139.449032151
44.0840840841 1.16922679296 131.410711924
44.1441441441 1.22119978995 123.839333139
44.2042042042 1.28112531633 116.708106599
44.2642642643 1.349590322 109.991765402
44.3243243243 1.4272914552 103.666483841
44.3843843844 1.51504210159 97.7097997241
44.4444444444 1.61378140511 92.1005402606
44.5045045045 1.72458533382 86.8187514357
44.5645645646 1.84867984348 81.8456308845
44.6246246246 1.98745626594 77.1634641856
44.6846846847 2.14248908843 72.7555644771
44.7447447447 2.31555633381 68.6062152897
44.8048048048 2.50866278823 64.7006164901
44.8648648649 2.72406637325 61.0248332122
44.9249249249 2.96430800438 57.5657476555
44.984984985 3.23224532562 54.3110136333
45.045045045 3.53109076659 51.2490137581
45.1051051051 3.86445442364 48.3688191496
45.1651651652 4.2363923406 45.6601515651
45.2252252252 4.65146081807 43.1133478534
45.2852852853 5.11477748596 40.7193266433
45.3453453453 5.63208992765 38.4695571892
45.4054054054 6.20985276569 36.3560303049
45.4654654655 6.85531422901 34.3712313317
45.5255255255 7.57661329716 32.5081150968
45.5855855856 8.38288869751 30.7600828386
45.6456456456 9.28440115198 29.1209610953
45.7057057057 10.2926703896 27.5849825677
45.7657657658 11.4206286739 26.1467690041
45.8258258258 12.6827927271 24.801316187
45.8858858859 14.0954561127 23.5439811241
45.9459459459 15.676904427 22.3704716318
46.006006006 17.4476557381 21.2768385175
46.0660660661 19.4307290396 20.2594706769
46.1261261261 21.6519436667 19.3150935184
46.1861861862 24.1402528008 18.4407712492
46.2462462462 26.9281144175 17.6339137157
46.3063063063 30.0519031655 16.8922887336
46.3663663664 33.5523666895 16.2140411534
46.4264264264 37.4751299214 15.5977202146
46.4864864865 41.8712506362 15.042317334
46.5465465465 46.7978289089 14.5473172687
46.6066066066 52.3186724982 14.1127663424
46.6666666667 58.5050186357 13.7393628997
46.7267267267 65.4363099002 13.4285772926
46.7867867868 73.2010189834 13.1828108895
46.8468468468 81.8975122172 13.005607141
46.9069069069 91.6349290588 12.9019358895
46.966966967 102.534053115 12.8785733808
47.027027027 114.72811619 12.9446223756
47.0870870871 128.363464564 13.1122230406
47.1471471471 143.599964635 13.3975405228
47.2072072072 160.610963666 13.8221497929
47.2672672673 179.58252484 14.4150032484
47.3273273273 200.711500695 15.2152600031
47.3873873874 224.20176926 16.2764142316
47.4474474474 250.257580062 17.6723964954
47.5075075075 279.072349049 19.506723854
47.5675675676 310.810276401 21.926401145
47.6276276276 345.576596714 25.1433079812
47.6876876877 383.369801097 29.4674288809
47.7477477477 424.005314402 35.3587877801
47.8078078078 466.994505362 43.5084653319
47.8678678679 511.355841528 54.9630398729
47.9279279279 555.329837452 71.3078814048
47.987987988 595.9784976 94.9118972281
48.048048048 628.708073649 129.179799087
48.1081081081 646.934174598 178.598846466
48.1681681682 642.490833856 248.053143515
48.2282282282 607.809873612 340.595659719
48.2882882883 540.409252757 453.504631383
48.3483483483 447.449694979 575.09328965
48.4084084084 345.053338146 687.089635362
48.4684684685 250.566637735 773.191264258
48.5285285285 174.484128274 826.393608126
48.5885885886 118.800604214 849.047096012
48.6486486486 80.3910529562 848.203461692
48.7087087087 54.7079526664 831.393784434
48.7687687688 37.7294637973 804.684959346
48.8288288288 26.4902275739 772.356814257
48.8888888889 18.9817892828 737.22496011
48.9489489489 13.8968293518 701.071282888
49.009009009 10.3975900281 664.996211387
49.0690690691 7.94828346625 629.665042722
49.1291291291 6.20423141939 595.46887374
49.1891891892 4.9413894096 562.626642062
49.2492492492 4.01224260611 531.249132567
49.3093093093 3.31828352127 501.379108222
49.3693693694 2.79276294596 473.016598002
49.4294294294 2.38978451146 446.134961373
49.4894894895 2.07733512411 420.691183324
49.5495495495 1.83277525848 396.632530806
49.6096096096 1.63988312752 373.900888969
49.6696696697 1.48689177018 352.43560118
49.7297297297 1.3651685709 332.175332927
49.7897897898 1.26831551398 313.059292099
49.8498498498 1.19154860624 295.028020373
49.9099099099 1.13126477019 278.023896267
49.96996997 1.08473629062 261.991442776
50.03003003 1.04989295592 246.877501987
50.0900900901 1.02516532467 232.631318701
50.1501501502 1.00937104489 219.204561872
50.2102102102 1.0016318503 206.551303727
50.2702702703 1.00131272632 194.627970305
50.3303303303 1.0079772129 183.393273164
50.3903903904 1.02135467857 172.808128986
50.4504504505 1.0413165726 162.835571905
50.5105105105 1.06785951582 153.440661968
50.5705705706 1.10109370529 144.590392146
50.6306306306 1.14123555936 136.253595535
50.6906906907 1.18860378456 128.40085403
50.7507507508 1.24361833443 121.004409211
50.8108108108 1.30680186771 114.038076039
50.8708708709 1.37878345321 107.477159707
50.9309309309 1.46030436817 101.298375857
50.990990991 1.55222590533 95.4797743025
51.0510510511 1.65553919339 90.000666263
51.1111111111 1.77137706885 84.8415551153
51.1711711712 1.90102808927 79.9840706171
51.2312312312 2.04595283648 75.4109065014
51.2912912913 2.20780268178 71.1057613673
51.3513513514 2.38844124508 67.0532827415
51.4114114114 2.58996881244 63.2390142008
51.4714714715 2.81475002688 59.649345436
51.5315315315 3.06544521478 56.2714651392
51.5915915916 3.34504576287 53.0933165952
51.6516516517 3.65691391596 50.1035558625
51.7117117117 4.00482782289 47.291512442
51.7717717718 4.39303200089 44.6471523189
51.8318318318 4.82629423591 42.1610433102
51.8918918919 5.30996948649 39.8243225959
51.951951952 5.85007167865 37.6286663868
52.012012012 6.45335440186 35.5662616636
52.0720720721 7.12740143573 33.6297799216
52.1321321321 7.88072840071 31.8123529029
52.1921921922 8.72289670951 30.1075502824
52.2522522523 9.66464142497 28.5093593287
52.3123123123 10.7180144817 27.0121665468
52.3723723724 11.8965451675 25.6107413718
52.4324324324 13.2154197889 24.300222007
52.4924924925 14.6916826256 23.0761035059
52.5525525526 16.344460735 21.9342283673
52.6126126126 18.195214973 20.8707798053
52.6726726727 20.2680201115 19.8822780635
52.7327327327 22.5898772539 18.965580315
52.7927927928 25.1910615187 18.1178846115
52.8528528529 28.1055085542 17.3367387346
52.9129129129 31.3712433288 16.6200550123
52.972972973 35.0308547834 15.9661323886
53.033033033 39.1320197945 15.3736875589
53.0930930931 43.7280794333 14.8418976131
53.1531531532 48.8786701183 14.3704573292
53.2132132132 54.6504111032 13.9596553558
53.2732732733 61.117647776 13.610475236
53.3333333333 68.3632474627 13.3247293259
53.3933933934 76.4794408135 13.1052363779
53.4534534535 85.5686953331 12.9560579928
53.5135135135 95.7445947793 12.8828174773
53.5735735736 107.132692005 12.8931285083
53.6336336336 119.87127093 12.9971817159
53.6936936937 134.111927129 13.2085526592
53.7537537538 150.019827496 13.5453259277
53.8138138138 167.77342604 14.0316831747
53.8738738739 187.563311074 14.7001644113
53.9339339339 209.589656404 15.5949433999
53.993993994 234.057482678 16.7766278385
54.0540540541 261.168467515 18.3293944145
54.1141141141 291.107321403 20.3717450882
54.1741741742 324.019577862 23.0729319597
54.2342342342 359.975774633 26.6783335434
54.2942942943 398.914051367 31.5489985862
54.3543543544 440.548677129 38.2234760216
54.4144144144 484.225726432 47.5138887199
54.4744744745 528.700090336 60.6517157956
54.5345345345 571.80608478 79.4964363046
54.5945945946 610.016139412 106.79532403
54.6546546547 637.976867689 146.394673811
54.7147147147 648.365469046 203.084711609
54.7747747748 632.857638474 281.408397825
54.8348348348 585.238996804 382.686175815
54.8948948949 506.412391847 500.873577105
54.954954955 407.561699112 621.005663949
55.015015015 306.441921158 724.413451923
55.0750750751 218.40016853 797.912644747
55.1351351351 150.422926595 838.533040425
55.1951951952 101.998691145 851.078196766
55.2552552553 69.0938074511 843.165424752
55.3153153153 47.2312376706 821.871116341
55.3753753754 32.7881836102 792.549791131
55.4354354354 23.1999543256 758.858132674
55.4954954955 16.7628166052 723.159562141
55.5555555556 12.3769041099 686.934059845
55.6156156156 9.33881144102 651.088196092
55.6756756757 7.19796468955 616.164865423
55.7357357357 5.66344700807 582.478296465
55.7957957958 4.54524914753 550.19915636
55.8558558559 3.71758697692 519.407874923
55.9159159159 3.09598633572 490.128128373
55.975975976 2.62287788044 462.348000543
56.036036036 2.25845349716 436.033470807
56.0960960961 1.97479475656 411.137089077
56.1561561562 1.75205479776 387.603602218
56.2162162162 1.57594298931 365.373628124
56.2762762763 1.43604603989 344.386065097
56.3363363363 1.32469286524 324.579672663
56.3963963964 1.23617742052 305.894103679
56.4564564565 1.16622016845 288.270569507
56.5165165165 1.11159057808 271.652257712
56.5765765766 1.06983968561 255.98458167
56.6366366366 1.03910872263 241.215315487
56.6966966967 1.01799096958 227.294650499
56.7567567568 1.00543128426 214.175198201
56.8168168168 1.00065260995 201.811956833
56.8768768769 1.00310202485 190.162253615
56.9369369369 1.0124111498 179.185671036
56.996996997 1.02836722944 168.843963132
57.0570570571 1.05089226722 159.100965966
57.1171171171 1.08002834968 149.922505274
57.1771771772 1.11592781416 141.276303388
57.2372372372 1.15884731221 133.131886885
57.2972972973 1.2091450558 125.460496052
57.3573573574 1.26728079199 118.234996814
57.4174174174 1.33381816284 111.429795624
57.4774774775 1.40942924008 105.020757612
57.5375375375 1.49490111353 98.9851281604
57.5975975976 1.59114448452 93.3014579904
57.6576576577 1.69920427665 87.9495317813
57.7177177177 1.82027232956 82.9103002836
57.7777777778 1.95570228704 78.1658158689
57.8378378378 2.10702683622 73.6991714269
57.8978978979 2.27597750193 69.4944424906
57.957957958 2.46450721774 65.5366325321
58.018018018 2.67481598942 61.8116212295
58.0780780781 2.90937995066 58.3061156539
58.1381381381 3.1709842182 55.0076042287
58.1981981982 3.46275995383 51.9043133361
58.2582582583 3.78822614978 48.985166493
58.3183183183 4.15133666622 46.2397459499
58.3783783784 4.55653316338 43.6582566474
58.4384384384 5.00880462991 41.2314924217
58.4984984985 5.51375426364 38.9508043818
58.5585585586 6.0776746445 36.8080713941
58.6186186186 6.70763210489 34.7956726047
58.6786786787 7.41156146694 32.9064619663
58.7387387387 8.1983723276 31.1337447342
58.7987987988 9.07806827802 29.4712559235
58.8588588589 10.0618805232 27.9131407346
58.9189189189 11.1624176461 26.4539369926
58.978978979 12.3938333202 25.0885596608
59.039039039 13.7720140329 23.8122875418
59.0990990991 15.3147890531 22.6207523155
59.1591591592 17.0421651079 21.5099301241
59.2192192192 18.9765884756 20.476136011
59.2792792793 21.1432373289 19.5160215699
59.3393393393 23.5703474919 18.6265763182
59.3993993994 26.2895748938 17.8051334885
59.4594594595 29.3363981562 17.0493810616
59.5195195195 32.7505649063 16.3573791962
59.5795795796 36.5765852245 15.7275856559
59.6396396396 40.8642756828 15.1588910937
59.6996996997 45.6693568838 14.6506669186
59.7597597598 51.0541064203 14.2028294652
59.8198198198 57.0880682592 13.8159250976
59.8798798799 63.8488173223 13.4912428392
59.9399399399 71.4227742077 13.2309638739
60.0 79.9060607275 13.0383602649
